Dataset name: ../data/abalone500.arff
Number of instances (rows): 500
Number of attributes (cols): 9
Learning algorithm: clustering
Evaluation method: training
Running HAC...
There are 7 clusters
Cluster 0: 0 22 397 89 134 246 279 372 472 215 290 297 24 130 357 408 475 139 186 389 28 198 223 482 143 29 117 373 207 376 463 173 178 374 111 182 155 436 6 195 211 102 492 172 252 261 449 327 394 349 23 282 308 427 66 190 30 44 175 307 220 53 380 101 171 424 105 399 123 13 176 351 305 321 347 41 74 442 491 145 484 496 341 477 27 148 291 15 69 154 95 210 315 212 267 312 335 26 238 52 216 313 126 296 137 50 346 100 116 366 331 387 451 76 167 352 416 363 115 354 253 165 234 467 193 292 410 94 187 113 383 34 170 398 382 359 377 118 135 338 146 490 
Cluster 1: 1 317 260 219 256 378 324 226 334 19 158 284 445 229 43 276 294 488 122 59 264 133 141 283 156 213 224 441 319 329 144 481 401 14 434 149 64 281 17 480 299 320 87 51 479 295 162 204 344 18 108 199 184 386 107 249 196 86 93 440 250 150 161 181 243 230 88 127 240 328 361 285 330 197 298 428 343 2 73 201 225 402 409 304 318 430 464 39 98 360 270 458 421 83 191 432 10 151 300 412 38 293 58 337 325 447 21 498 268 461 48 301 266 
Cluster 2: 3 77 405 20 259 348 90 288 99 326 152 103 403 124 205 433 194 332 454 163 231 302 4 364 60 62 232 494 429 33 456 202 435 353 278 457 385 483 9 25 54 426 129 311 425 81 443 448 31 136 437 168 200 310 255 91 214 75 355 493 273 78 125 309 391 104 160 469 272 110 406 128 287 188 358 92 32 489 392 82 55 63 153 465 138 65 183 40 114 72 106 169 395 79 37 248 263 316 499 242 396 423 486 67 147 474 206 
Cluster 3: 5 235 119 208 286 340 370 478 68 221 262 46 61 56 71 192 80 415 257 180 345 245 96 303 468 473 166 487 233 289 258 189 222 367 365 7 157 271 11 35 109 120 404 485 362 368 495 47 431 177 459 274 112 203 356 314 339 453 
Cluster 4: 8 121 369 444 228 414 57 379 350 418 450 12 384 36 45 174 164 209 236 322 323 306 419 462 42 417 470 497 476 280 237 244 439 85 407 142 390 140 217 269 375 420 97 241 460 131 455 227 132 247 239 49 179 70 84 381 388 342 413 471 438 
Cluster 5: 16 277 251 400 452 159 185 275 333 254 336 371 422 466 265 393 446 411 
Cluster 6: 218 
Recomputing the centroids for each cluster...
Centroid 0 = M, 0.678423, 0.668944, 0.249569, 0.356036, 0.318929, 0.319742, 0.394922, 0.368209
	Members of Cluster (142): 0 22 397 89 134 246 279 372 472 215 290 297 24 130 357 408 475 139 186 389 28 198 223 482 143 29 117 373 207 376 463 173 178 374 111 182 155 436 6 195 211 102 492 172 252 261 449 327 394 349 23 282 308 427 66 190 30 44 175 307 220 53 380 101 171 424 105 399 123 13 176 351 305 321 347 41 74 442 491 145 484 496 341 477 27 148 291 15 69 154 95 210 315 212 267 312 335 26 238 52 216 313 126 296 137 50 346 100 116 366 331 387 451 76 167 352 416 363 115 354 253 165 234 467 193 292 410 94 187 113 383 34 170 398 382 359 377 118 135 338 146 490 
	Cluster 0 SSE = 55.1185
Centroid 1 = F, 0.748248, 0.745991, 0.275601, 0.457614, 0.402947, 0.424209, 0.491232, 0.388959
	Members of Cluster (113): 1 317 260 219 256 378 324 226 334 19 158 284 445 229 43 276 294 488 122 59 264 133 141 283 156 213 224 441 319 329 144 481 401 14 434 149 64 281 17 480 299 320 87 51 479 295 162 204 344 18 108 199 184 386 107 249 196 86 93 440 250 150 161 181 243 230 88 127 240 328 361 285 330 197 298 428 343 2 73 201 225 402 409 304 318 430 464 39 98 360 270 458 421 83 191 432 10 151 300 412 38 293 58 337 325 447 21 498 268 461 48 301 266 
	Cluster 1 SSE = 7.80113
Centroid 2 = I, 0.380486, 0.358471, 0.136849, 0.108195, 0.102444, 0.0920452, 0.123167, 0.185581
	Members of Cluster (107): 3 77 405 20 259 348 90 288 99 326 152 103 403 124 205 433 194 332 454 163 231 302 4 364 60 62 232 494 429 33 456 202 435 353 278 457 385 483 9 25 54 426 129 311 425 81 443 448 31 136 437 168 200 310 255 91 214 75 355 493 273 78 125 309 391 104 160 469 272 110 406 128 287 188 358 92 32 489 392 82 55 63 153 465 138 65 183 40 114 72 106 169 395 79 37 248 263 316 499 242 396 423 486 67 147 474 206 
	Cluster 2 SSE = 7.35624
Centroid 3 = F, 0.467172, 0.457494, 0.179451, 0.170974, 0.144394, 0.160508, 0.201589, 0.308703
	Members of Cluster (58): 5 235 119 208 286 340 370 478 68 221 262 46 61 56 71 192 80 415 257 180 345 245 96 303 468 473 166 487 233 289 258 189 222 367 365 7 157 271 11 35 109 120 404 485 362 368 495 47 431 177 459 274 112 203 356 314 339 453 
	Cluster 3 SSE = 27.7649
Centroid 4 = M, 0.851148, 0.845642, 0.336066, 0.661965, 0.617887, 0.590985, 0.681471, 0.393443
	Members of Cluster (61): 8 121 369 444 228 414 57 379 350 418 450 12 384 36 45 174 164 209 236 322 323 306 419 462 42 417 470 497 476 280 237 244 439 85 407 142 390 140 217 269 375 420 97 241 460 131 455 227 132 247 239 49 179 70 84 381 388 342 413 471 438 
	Cluster 4 SSE = 5.83727
Centroid 5 = F, 0.908889, 0.89879, 0.330499, 0.750111, 0.682855, 0.684804, 0.804235, 0.42328
	Members of Cluster (18): 16 277 251 400 452 159 185 275 333 254 336 371 422 466 265 393 446 411 
	Cluster 5 SSE = 1.3521
Centroid 6 = M, 0.896, 0.881188, 0.326531, 0.67876, 0.461337, 0.62254, 0.888799, 1
	Members of Cluster (1): 218 
	Cluster 6 SSE = 0
Total SSE (sum squared-distance of each row with its centroid) = 105.23
Davies-Bouldin Index: 0.834738
--------------
Iteration 493
--------------
Merging clusters 4 and 6	Distance: 1.35368
There are 6 clusters
Cluster 0: 0 22 397 89 134 246 279 372 472 215 290 297 24 130 357 408 475 139 186 389 28 198 223 482 143 29 117 373 207 376 463 173 178 374 111 182 155 436 6 195 211 102 492 172 252 261 449 327 394 349 23 282 308 427 66 190 30 44 175 307 220 53 380 101 171 424 105 399 123 13 176 351 305 321 347 41 74 442 491 145 484 496 341 477 27 148 291 15 69 154 95 210 315 212 267 312 335 26 238 52 216 313 126 296 137 50 346 100 116 366 331 387 451 76 167 352 416 363 115 354 253 165 234 467 193 292 410 94 187 113 383 34 170 398 382 359 377 118 135 338 146 490 
Cluster 1: 1 317 260 219 256 378 324 226 334 19 158 284 445 229 43 276 294 488 122 59 264 133 141 283 156 213 224 441 319 329 144 481 401 14 434 149 64 281 17 480 299 320 87 51 479 295 162 204 344 18 108 199 184 386 107 249 196 86 93 440 250 150 161 181 243 230 88 127 240 328 361 285 330 197 298 428 343 2 73 201 225 402 409 304 318 430 464 39 98 360 270 458 421 83 191 432 10 151 300 412 38 293 58 337 325 447 21 498 268 461 48 301 266 
Cluster 2: 3 77 405 20 259 348 90 288 99 326 152 103 403 124 205 433 194 332 454 163 231 302 4 364 60 62 232 494 429 33 456 202 435 353 278 457 385 483 9 25 54 426 129 311 425 81 443 448 31 136 437 168 200 310 255 91 214 75 355 493 273 78 125 309 391 104 160 469 272 110 406 128 287 188 358 92 32 489 392 82 55 63 153 465 138 65 183 40 114 72 106 169 395 79 37 248 263 316 499 242 396 423 486 67 147 474 206 
Cluster 3: 5 235 119 208 286 340 370 478 68 221 262 46 61 56 71 192 80 415 257 180 345 245 96 303 468 473 166 487 233 289 258 189 222 367 365 7 157 271 11 35 109 120 404 485 362 368 495 47 431 177 459 274 112 203 356 314 339 453 
Cluster 4: 8 121 369 444 228 414 57 379 350 418 450 12 384 36 45 174 164 209 236 322 323 306 419 462 42 417 470 497 476 280 237 244 439 85 407 142 390 140 217 269 375 420 97 241 460 131 455 227 132 247 239 49 179 70 84 381 388 342 413 471 438 218 
Cluster 5: 16 277 251 400 452 159 185 275 333 254 336 371 422 466 265 393 446 411 
Recomputing the centroids for each cluster...
Centroid 0 = M, 0.678423, 0.668944, 0.249569, 0.356036, 0.318929, 0.319742, 0.394922, 0.368209
	Members of Cluster (142): 0 22 397 89 134 246 279 372 472 215 290 297 24 130 357 408 475 139 186 389 28 198 223 482 143 29 117 373 207 376 463 173 178 374 111 182 155 436 6 195 211 102 492 172 252 261 449 327 394 349 23 282 308 427 66 190 30 44 175 307 220 53 380 101 171 424 105 399 123 13 176 351 305 321 347 41 74 442 491 145 484 496 341 477 27 148 291 15 69 154 95 210 315 212 267 312 335 26 238 52 216 313 126 296 137 50 346 100 116 366 331 387 451 76 167 352 416 363 115 354 253 165 234 467 193 292 410 94 187 113 383 34 170 398 382 359 377 118 135 338 146 490 
	Cluster 0 SSE = 55.1185
Centroid 1 = F, 0.748248, 0.745991, 0.275601, 0.457614, 0.402947, 0.424209, 0.491232, 0.388959
	Members of Cluster (113): 1 317 260 219 256 378 324 226 334 19 158 284 445 229 43 276 294 488 122 59 264 133 141 283 156 213 224 441 319 329 144 481 401 14 434 149 64 281 17 480 299 320 87 51 479 295 162 204 344 18 108 199 184 386 107 249 196 86 93 440 250 150 161 181 243 230 88 127 240 328 361 285 330 197 298 428 343 2 73 201 225 402 409 304 318 430 464 39 98 360 270 458 421 83 191 432 10 151 300 412 38 293 58 337 325 447 21 498 268 461 48 301 266 
	Cluster 1 SSE = 7.80113
Centroid 2 = I, 0.380486, 0.358471, 0.136849, 0.108195, 0.102444, 0.0920452, 0.123167, 0.185581
	Members of Cluster (107): 3 77 405 20 259 348 90 288 99 326 152 103 403 124 205 433 194 332 454 163 231 302 4 364 60 62 232 494 429 33 456 202 435 353 278 457 385 483 9 25 54 426 129 311 425 81 443 448 31 136 437 168 200 310 255 91 214 75 355 493 273 78 125 309 391 104 160 469 272 110 406 128 287 188 358 92 32 489 392 82 55 63 153 465 138 65 183 40 114 72 106 169 395 79 37 248 263 316 499 242 396 423 486 67 147 474 206 
	Cluster 2 SSE = 7.35624
Centroid 3 = F, 0.467172, 0.457494, 0.179451, 0.170974, 0.144394, 0.160508, 0.201589, 0.308703
	Members of Cluster (58): 5 235 119 208 286 340 370 478 68 221 262 46 61 56 71 192 80 415 257 180 345 245 96 303 468 473 166 487 233 289 258 189 222 367 365 7 157 271 11 35 109 120 404 485 362 368 495 47 431 177 459 274 112 203 356 314 339 453 
	Cluster 3 SSE = 27.7649
Centroid 4 = M, 0.851871, 0.846215, 0.335912, 0.662236, 0.615362, 0.591494, 0.684815, 0.403226
	Members of Cluster (62): 8 121 369 444 228 414 57 379 350 418 450 12 384 36 45 174 164 209 236 322 323 306 419 462 42 417 470 497 476 280 237 244 439 85 407 142 390 140 217 269 375 420 97 241 460 131 455 227 132 247 239 49 179 70 84 381 388 342 413 471 438 218 
	Cluster 4 SSE = 6.27023
Centroid 5 = F, 0.908889, 0.89879, 0.330499, 0.750111, 0.682855, 0.684804, 0.804235, 0.42328
	Members of Cluster (18): 16 277 251 400 452 159 185 275 333 254 336 371 422 466 265 393 446 411 
	Cluster 5 SSE = 1.3521
Total SSE (sum squared-distance of each row with its centroid) = 105.663
Davies-Bouldin Index: 0.935531
--------------
Iteration 494
--------------
Merging clusters 0 and 1	Distance: 1.3939
There are 5 clusters
Cluster 0: 0 22 397 89 134 246 279 372 472 215 290 297 24 130 357 408 475 139 186 389 28 198 223 482 143 29 117 373 207 376 463 173 178 374 111 182 155 436 6 195 211 102 492 172 252 261 449 327 394 349 23 282 308 427 66 190 30 44 175 307 220 53 380 101 171 424 105 399 123 13 176 351 305 321 347 41 74 442 491 145 484 496 341 477 27 148 291 15 69 154 95 210 315 212 267 312 335 26 238 52 216 313 126 296 137 50 346 100 116 366 331 387 451 76 167 352 416 363 115 354 253 165 234 467 193 292 410 94 187 113 383 34 170 398 382 359 377 118 135 338 146 490 1 317 260 219 256 378 324 226 334 19 158 284 445 229 43 276 294 488 122 59 264 133 141 283 156 213 224 441 319 329 144 481 401 14 434 149 64 281 17 480 299 320 87 51 479 295 162 204 344 18 108 199 184 386 107 249 196 86 93 440 250 150 161 181 243 230 88 127 240 328 361 285 330 197 298 428 343 2 73 201 225 402 409 304 318 430 464 39 98 360 270 458 421 83 191 432 10 151 300 412 38 293 58 337 325 447 21 498 268 461 48 301 266 
Cluster 1: 3 77 405 20 259 348 90 288 99 326 152 103 403 124 205 433 194 332 454 163 231 302 4 364 60 62 232 494 429 33 456 202 435 353 278 457 385 483 9 25 54 426 129 311 425 81 443 448 31 136 437 168 200 310 255 91 214 75 355 493 273 78 125 309 391 104 160 469 272 110 406 128 287 188 358 92 32 489 392 82 55 63 153 465 138 65 183 40 114 72 106 169 395 79 37 248 263 316 499 242 396 423 486 67 147 474 206 
Cluster 2: 5 235 119 208 286 340 370 478 68 221 262 46 61 56 71 192 80 415 257 180 345 245 96 303 468 473 166 487 233 289 258 189 222 367 365 7 157 271 11 35 109 120 404 485 362 368 495 47 431 177 459 274 112 203 356 314 339 453 
Cluster 3: 8 121 369 444 228 414 57 379 350 418 450 12 384 36 45 174 164 209 236 322 323 306 419 462 42 417 470 497 476 280 237 244 439 85 407 142 390 140 217 269 375 420 97 241 460 131 455 227 132 247 239 49 179 70 84 381 388 342 413 471 438 218 
Cluster 4: 16 277 251 400 452 159 185 275 333 254 336 371 422 466 265 393 446 411 
Recomputing the centroids for each cluster...
Centroid 0 = F, 0.709365, 0.703087, 0.261104, 0.401049, 0.35616, 0.366035, 0.437601, 0.377404
	Members of Cluster (255): 0 22 397 89 134 246 279 372 472 215 290 297 24 130 357 408 475 139 186 389 28 198 223 482 143 29 117 373 207 376 463 173 178 374 111 182 155 436 6 195 211 102 492 172 252 261 449 327 394 349 23 282 308 427 66 190 30 44 175 307 220 53 380 101 171 424 105 399 123 13 176 351 305 321 347 41 74 442 491 145 484 496 341 477 27 148 291 15 69 154 95 210 315 212 267 312 335 26 238 52 216 313 126 296 137 50 346 100 116 366 331 387 451 76 167 352 416 363 115 354 253 165 234 467 193 292 410 94 187 113 383 34 170 398 382 359 377 118 135 338 146 490 1 317 260 219 256 378 324 226 334 19 158 284 445 229 43 276 294 488 122 59 264 133 141 283 156 213 224 441 319 329 144 481 401 14 434 149 64 281 17 480 299 320 87 51 479 295 162 204 344 18 108 199 184 386 107 249 196 86 93 440 250 150 161 181 243 230 88 127 240 328 361 285 330 197 298 428 343 2 73 201 225 402 409 304 318 430 464 39 98 360 270 458 421 83 191 432 10 151 300 412 38 293 58 337 325 447 21 498 268 461 48 301 266 
	Cluster 0 SSE = 163.034
Centroid 1 = I, 0.380486, 0.358471, 0.136849, 0.108195, 0.102444, 0.0920452, 0.123167, 0.185581
	Members of Cluster (107): 3 77 405 20 259 348 90 288 99 326 152 103 403 124 205 433 194 332 454 163 231 302 4 364 60 62 232 494 429 33 456 202 435 353 278 457 385 483 9 25 54 426 129 311 425 81 443 448 31 136 437 168 200 310 255 91 214 75 355 493 273 78 125 309 391 104 160 469 272 110 406 128 287 188 358 92 32 489 392 82 55 63 153 465 138 65 183 40 114 72 106 169 395 79 37 248 263 316 499 242 396 423 486 67 147 474 206 
	Cluster 1 SSE = 7.35624
Centroid 2 = F, 0.467172, 0.457494, 0.179451, 0.170974, 0.144394, 0.160508, 0.201589, 0.308703
	Members of Cluster (58): 5 235 119 208 286 340 370 478 68 221 262 46 61 56 71 192 80 415 257 180 345 245 96 303 468 473 166 487 233 289 258 189 222 367 365 7 157 271 11 35 109 120 404 485 362 368 495 47 431 177 459 274 112 203 356 314 339 453 
	Cluster 2 SSE = 27.7649
Centroid 3 = M, 0.851871, 0.846215, 0.335912, 0.662236, 0.615362, 0.591494, 0.684815, 0.403226
	Members of Cluster (62): 8 121 369 444 228 414 57 379 350 418 450 12 384 36 45 174 164 209 236 322 323 306 419 462 42 417 470 497 476 280 237 244 439 85 407 142 390 140 217 269 375 420 97 241 460 131 455 227 132 247 239 49 179 70 84 381 388 342 413 471 438 218 
	Cluster 3 SSE = 6.27023
Centroid 4 = F, 0.908889, 0.89879, 0.330499, 0.750111, 0.682855, 0.684804, 0.804235, 0.42328
	Members of Cluster (18): 16 277 251 400 452 159 185 275 333 254 336 371 422 466 265 393 446 411 
	Cluster 4 SSE = 1.3521
Total SSE (sum squared-distance of each row with its centroid) = 205.777
Davies-Bouldin Index: 1.87281
--------------
Iteration 495
--------------
Merging clusters 1 and 2	Distance: 1.45175
There are 4 clusters
Cluster 0: 0 22 397 89 134 246 279 372 472 215 290 297 24 130 357 408 475 139 186 389 28 198 223 482 143 29 117 373 207 376 463 173 178 374 111 182 155 436 6 195 211 102 492 172 252 261 449 327 394 349 23 282 308 427 66 190 30 44 175 307 220 53 380 101 171 424 105 399 123 13 176 351 305 321 347 41 74 442 491 145 484 496 341 477 27 148 291 15 69 154 95 210 315 212 267 312 335 26 238 52 216 313 126 296 137 50 346 100 116 366 331 387 451 76 167 352 416 363 115 354 253 165 234 467 193 292 410 94 187 113 383 34 170 398 382 359 377 118 135 338 146 490 1 317 260 219 256 378 324 226 334 19 158 284 445 229 43 276 294 488 122 59 264 133 141 283 156 213 224 441 319 329 144 481 401 14 434 149 64 281 17 480 299 320 87 51 479 295 162 204 344 18 108 199 184 386 107 249 196 86 93 440 250 150 161 181 243 230 88 127 240 328 361 285 330 197 298 428 343 2 73 201 225 402 409 304 318 430 464 39 98 360 270 458 421 83 191 432 10 151 300 412 38 293 58 337 325 447 21 498 268 461 48 301 266 
Cluster 1: 3 77 405 20 259 348 90 288 99 326 152 103 403 124 205 433 194 332 454 163 231 302 4 364 60 62 232 494 429 33 456 202 435 353 278 457 385 483 9 25 54 426 129 311 425 81 443 448 31 136 437 168 200 310 255 91 214 75 355 493 273 78 125 309 391 104 160 469 272 110 406 128 287 188 358 92 32 489 392 82 55 63 153 465 138 65 183 40 114 72 106 169 395 79 37 248 263 316 499 242 396 423 486 67 147 474 206 5 235 119 208 286 340 370 478 68 221 262 46 61 56 71 192 80 415 257 180 345 245 96 303 468 473 166 487 233 289 258 189 222 367 365 7 157 271 11 35 109 120 404 485 362 368 495 47 431 177 459 274 112 203 356 314 339 453 
Cluster 2: 8 121 369 444 228 414 57 379 350 418 450 12 384 36 45 174 164 209 236 322 323 306 419 462 42 417 470 497 476 280 237 244 439 85 407 142 390 140 217 269 375 420 97 241 460 131 455 227 132 247 239 49 179 70 84 381 388 342 413 471 438 218 
Cluster 3: 16 277 251 400 452 159 185 275 333 254 336 371 422 466 265 393 446 411 
Recomputing the centroids for each cluster...
Centroid 0 = F, 0.709365, 0.703087, 0.261104, 0.401049, 0.35616, 0.366035, 0.437601, 0.377404
	Members of Cluster (255): 0 22 397 89 134 246 279 372 472 215 290 297 24 130 357 408 475 139 186 389 28 198 223 482 143 29 117 373 207 376 463 173 178 374 111 182 155 436 6 195 211 102 492 172 252 261 449 327 394 349 23 282 308 427 66 190 30 44 175 307 220 53 380 101 171 424 105 399 123 13 176 351 305 321 347 41 74 442 491 145 484 496 341 477 27 148 291 15 69 154 95 210 315 212 267 312 335 26 238 52 216 313 126 296 137 50 346 100 116 366 331 387 451 76 167 352 416 363 115 354 253 165 234 467 193 292 410 94 187 113 383 34 170 398 382 359 377 118 135 338 146 490 1 317 260 219 256 378 324 226 334 19 158 284 445 229 43 276 294 488 122 59 264 133 141 283 156 213 224 441 319 329 144 481 401 14 434 149 64 281 17 480 299 320 87 51 479 295 162 204 344 18 108 199 184 386 107 249 196 86 93 440 250 150 161 181 243 230 88 127 240 328 361 285 330 197 298 428 343 2 73 201 225 402 409 304 318 430 464 39 98 360 270 458 421 83 191 432 10 151 300 412 38 293 58 337 325 447 21 498 268 461 48 301 266 
	Cluster 0 SSE = 163.034
Centroid 1 = I, 0.410958, 0.393279, 0.151824, 0.130263, 0.11719, 0.116111, 0.150734, 0.22886
	Members of Cluster (165): 3 77 405 20 259 348 90 288 99 326 152 103 403 124 205 433 194 332 454 163 231 302 4 364 60 62 232 494 429 33 456 202 435 353 278 457 385 483 9 25 54 426 129 311 425 81 443 448 31 136 437 168 200 310 255 91 214 75 355 493 273 78 125 309 391 104 160 469 272 110 406 128 287 188 358 92 32 489 392 82 55 63 153 465 138 65 183 40 114 72 106 169 395 79 37 248 263 316 499 242 396 423 486 67 147 474 206 5 235 119 208 286 340 370 478 68 221 262 46 61 56 71 192 80 415 257 180 345 245 96 303 468 473 166 487 233 289 258 189 222 367 365 7 157 271 11 35 109 120 404 485 362 368 495 47 431 177 459 274 112 203 356 314 339 453 
	Cluster 1 SSE = 72.0331
Centroid 2 = M, 0.851871, 0.846215, 0.335912, 0.662236, 0.615362, 0.591494, 0.684815, 0.403226
	Members of Cluster (62): 8 121 369 444 228 414 57 379 350 418 450 12 384 36 45 174 164 209 236 322 323 306 419 462 42 417 470 497 476 280 237 244 439 85 407 142 390 140 217 269 375 420 97 241 460 131 455 227 132 247 239 49 179 70 84 381 388 342 413 471 438 218 
	Cluster 2 SSE = 6.27023
Centroid 3 = F, 0.908889, 0.89879, 0.330499, 0.750111, 0.682855, 0.684804, 0.804235, 0.42328
	Members of Cluster (18): 16 277 251 400 452 159 185 275 333 254 336 371 422 466 265 393 446 411 
	Cluster 3 SSE = 1.3521
Total SSE (sum squared-distance of each row with its centroid) = 242.689
Davies-Bouldin Index: 0.978238
--------------
Iteration 496
--------------
Merging clusters 2 and 3	Distance: 1.5328
There are 3 clusters
Cluster 0: 0 22 397 89 134 246 279 372 472 215 290 297 24 130 357 408 475 139 186 389 28 198 223 482 143 29 117 373 207 376 463 173 178 374 111 182 155 436 6 195 211 102 492 172 252 261 449 327 394 349 23 282 308 427 66 190 30 44 175 307 220 53 380 101 171 424 105 399 123 13 176 351 305 321 347 41 74 442 491 145 484 496 341 477 27 148 291 15 69 154 95 210 315 212 267 312 335 26 238 52 216 313 126 296 137 50 346 100 116 366 331 387 451 76 167 352 416 363 115 354 253 165 234 467 193 292 410 94 187 113 383 34 170 398 382 359 377 118 135 338 146 490 1 317 260 219 256 378 324 226 334 19 158 284 445 229 43 276 294 488 122 59 264 133 141 283 156 213 224 441 319 329 144 481 401 14 434 149 64 281 17 480 299 320 87 51 479 295 162 204 344 18 108 199 184 386 107 249 196 86 93 440 250 150 161 181 243 230 88 127 240 328 361 285 330 197 298 428 343 2 73 201 225 402 409 304 318 430 464 39 98 360 270 458 421 83 191 432 10 151 300 412 38 293 58 337 325 447 21 498 268 461 48 301 266 
Cluster 1: 3 77 405 20 259 348 90 288 99 326 152 103 403 124 205 433 194 332 454 163 231 302 4 364 60 62 232 494 429 33 456 202 435 353 278 457 385 483 9 25 54 426 129 311 425 81 443 448 31 136 437 168 200 310 255 91 214 75 355 493 273 78 125 309 391 104 160 469 272 110 406 128 287 188 358 92 32 489 392 82 55 63 153 465 138 65 183 40 114 72 106 169 395 79 37 248 263 316 499 242 396 423 486 67 147 474 206 5 235 119 208 286 340 370 478 68 221 262 46 61 56 71 192 80 415 257 180 345 245 96 303 468 473 166 487 233 289 258 189 222 367 365 7 157 271 11 35 109 120 404 485 362 368 495 47 431 177 459 274 112 203 356 314 339 453 
Cluster 2: 8 121 369 444 228 414 57 379 350 418 450 12 384 36 45 174 164 209 236 322 323 306 419 462 42 417 470 497 476 280 237 244 439 85 407 142 390 140 217 269 375 420 97 241 460 131 455 227 132 247 239 49 179 70 84 381 388 342 413 471 438 218 16 277 251 400 452 159 185 275 333 254 336 371 422 466 265 393 446 411 
Recomputing the centroids for each cluster...
Centroid 0 = F, 0.709365, 0.703087, 0.261104, 0.401049, 0.35616, 0.366035, 0.437601, 0.377404
	Members of Cluster (255): 0 22 397 89 134 246 279 372 472 215 290 297 24 130 357 408 475 139 186 389 28 198 223 482 143 29 117 373 207 376 463 173 178 374 111 182 155 436 6 195 211 102 492 172 252 261 449 327 394 349 23 282 308 427 66 190 30 44 175 307 220 53 380 101 171 424 105 399 123 13 176 351 305 321 347 41 74 442 491 145 484 496 341 477 27 148 291 15 69 154 95 210 315 212 267 312 335 26 238 52 216 313 126 296 137 50 346 100 116 366 331 387 451 76 167 352 416 363 115 354 253 165 234 467 193 292 410 94 187 113 383 34 170 398 382 359 377 118 135 338 146 490 1 317 260 219 256 378 324 226 334 19 158 284 445 229 43 276 294 488 122 59 264 133 141 283 156 213 224 441 319 329 144 481 401 14 434 149 64 281 17 480 299 320 87 51 479 295 162 204 344 18 108 199 184 386 107 249 196 86 93 440 250 150 161 181 243 230 88 127 240 328 361 285 330 197 298 428 343 2 73 201 225 402 409 304 318 430 464 39 98 360 270 458 421 83 191 432 10 151 300 412 38 293 58 337 325 447 21 498 268 461 48 301 266 
	Cluster 0 SSE = 163.034
Centroid 1 = I, 0.410958, 0.393279, 0.151824, 0.130263, 0.11719, 0.116111, 0.150734, 0.22886
	Members of Cluster (165): 3 77 405 20 259 348 90 288 99 326 152 103 403 124 205 433 194 332 454 163 231 302 4 364 60 62 232 494 429 33 456 202 435 353 278 457 385 483 9 25 54 426 129 311 425 81 443 448 31 136 437 168 200 310 255 91 214 75 355 493 273 78 125 309 391 104 160 469 272 110 406 128 287 188 358 92 32 489 392 82 55 63 153 465 138 65 183 40 114 72 106 169 395 79 37 248 263 316 499 242 396 423 486 67 147 474 206 5 235 119 208 286 340 370 478 68 221 262 46 61 56 71 192 80 415 257 180 345 245 96 303 468 473 166 487 233 289 258 189 222 367 365 7 157 271 11 35 109 120 404 485 362 368 495 47 431 177 459 274 112 203 356 314 339 453 
	Cluster 1 SSE = 72.0331
Centroid 2 = M, 0.8647, 0.858045, 0.334694, 0.682008, 0.630548, 0.612489, 0.711684, 0.407738
	Members of Cluster (80): 8 121 369 444 228 414 57 379 350 418 450 12 384 36 45 174 164 209 236 322 323 306 419 462 42 417 470 497 476 280 237 244 439 85 407 142 390 140 217 269 375 420 97 241 460 131 455 227 132 247 239 49 179 70 84 381 388 342 413 471 438 218 16 277 251 400 452 159 185 275 333 254 336 371 422 466 265 393 446 411 
	Cluster 2 SSE = 26.2039
Total SSE (sum squared-distance of each row with its centroid) = 261.271
Davies-Bouldin Index: 0.727096
--------------
Iteration 497
--------------
Merging clusters 0 and 2	Distance: 1.94215
There are 2 clusters
Cluster 0: 0 22 397 89 134 246 279 372 472 215 290 297 24 130 357 408 475 139 186 389 28 198 223 482 143 29 117 373 207 376 463 173 178 374 111 182 155 436 6 195 211 102 492 172 252 261 449 327 394 349 23 282 308 427 66 190 30 44 175 307 220 53 380 101 171 424 105 399 123 13 176 351 305 321 347 41 74 442 491 145 484 496 341 477 27 148 291 15 69 154 95 210 315 212 267 312 335 26 238 52 216 313 126 296 137 50 346 100 116 366 331 387 451 76 167 352 416 363 115 354 253 165 234 467 193 292 410 94 187 113 383 34 170 398 382 359 377 118 135 338 146 490 1 317 260 219 256 378 324 226 334 19 158 284 445 229 43 276 294 488 122 59 264 133 141 283 156 213 224 441 319 329 144 481 401 14 434 149 64 281 17 480 299 320 87 51 479 295 162 204 344 18 108 199 184 386 107 249 196 86 93 440 250 150 161 181 243 230 88 127 240 328 361 285 330 197 298 428 343 2 73 201 225 402 409 304 318 430 464 39 98 360 270 458 421 83 191 432 10 151 300 412 38 293 58 337 325 447 21 498 268 461 48 301 266 8 121 369 444 228 414 57 379 350 418 450 12 384 36 45 174 164 209 236 322 323 306 419 462 42 417 470 497 476 280 237 244 439 85 407 142 390 140 217 269 375 420 97 241 460 131 455 227 132 247 239 49 179 70 84 381 388 342 413 471 438 218 16 277 251 400 452 159 185 275 333 254 336 371 422 466 265 393 446 411 
Cluster 1: 3 77 405 20 259 348 90 288 99 326 152 103 403 124 205 433 194 332 454 163 231 302 4 364 60 62 232 494 429 33 456 202 435 353 278 457 385 483 9 25 54 426 129 311 425 81 443 448 31 136 437 168 200 310 255 91 214 75 355 493 273 78 125 309 391 104 160 469 272 110 406 128 287 188 358 92 32 489 392 82 55 63 153 465 138 65 183 40 114 72 106 169 395 79 37 248 263 316 499 242 396 423 486 67 147 474 206 5 235 119 208 286 340 370 478 68 221 262 46 61 56 71 192 80 415 257 180 345 245 96 303 468 473 166 487 233 289 258 189 222 367 365 7 157 271 11 35 109 120 404 485 362 368 495 47 431 177 459 274 112 203 356 314 339 453 
Recomputing the centroids for each cluster...
Centroid 0 = M, 0.74646, 0.740092, 0.278678, 0.468144, 0.421686, 0.42489, 0.503054, 0.384648
	Members of Cluster (335): 0 22 397 89 134 246 279 372 472 215 290 297 24 130 357 408 475 139 186 389 28 198 223 482 143 29 117 373 207 376 463 173 178 374 111 182 155 436 6 195 211 102 492 172 252 261 449 327 394 349 23 282 308 427 66 190 30 44 175 307 220 53 380 101 171 424 105 399 123 13 176 351 305 321 347 41 74 442 491 145 484 496 341 477 27 148 291 15 69 154 95 210 315 212 267 312 335 26 238 52 216 313 126 296 137 50 346 100 116 366 331 387 451 76 167 352 416 363 115 354 253 165 234 467 193 292 410 94 187 113 383 34 170 398 382 359 377 118 135 338 146 490 1 317 260 219 256 378 324 226 334 19 158 284 445 229 43 276 294 488 122 59 264 133 141 283 156 213 224 441 319 329 144 481 401 14 434 149 64 281 17 480 299 320 87 51 479 295 162 204 344 18 108 199 184 386 107 249 196 86 93 440 250 150 161 181 243 230 88 127 240 328 361 285 330 197 298 428 343 2 73 201 225 402 409 304 318 430 464 39 98 360 270 458 421 83 191 432 10 151 300 412 38 293 58 337 325 447 21 498 268 461 48 301 266 8 121 369 444 228 414 57 379 350 418 450 12 384 36 45 174 164 209 236 322 323 306 419 462 42 417 470 497 476 280 237 244 439 85 407 142 390 140 217 269 375 420 97 241 460 131 455 227 132 247 239 49 179 70 84 381 388 342 413 471 438 218 16 277 251 400 452 159 185 275 333 254 336 371 422 466 265 393 446 411 
	Cluster 0 SSE = 226.22
Centroid 1 = I, 0.410958, 0.393279, 0.151824, 0.130263, 0.11719, 0.116111, 0.150734, 0.22886
	Members of Cluster (165): 3 77 405 20 259 348 90 288 99 326 152 103 403 124 205 433 194 332 454 163 231 302 4 364 60 62 232 494 429 33 456 202 435 353 278 457 385 483 9 25 54 426 129 311 425 81 443 448 31 136 437 168 200 310 255 91 214 75 355 493 273 78 125 309 391 104 160 469 272 110 406 128 287 188 358 92 32 489 392 82 55 63 153 465 138 65 183 40 114 72 106 169 395 79 37 248 263 316 499 242 396 423 486 67 147 474 206 5 235 119 208 286 340 370 478 68 221 262 46 61 56 71 192 80 415 257 180 345 245 96 303 468 473 166 487 233 289 258 189 222 367 365 7 157 271 11 35 109 120 404 485 362 368 495 47 431 177 459 274 112 203 356 314 339 453 
	Cluster 1 SSE = 72.0331
Total SSE (sum squared-distance of each row with its centroid) = 298.253
Davies-Bouldin Index: 0.663676
