Dataset name: ../data/abalone500.arff
Number of instances (rows): 500
Number of attributes (cols): 9
Learning algorithm: clustering
Evaluation method: training
Running HAC...
There are 7 clusters
Cluster 0: 0 22 397 89 24 130 357 282 215 290 279 297 246 475 23 372 472 408 66 190 28 223 482 101 171 105 399 369 121 6 30 44 53 380 424 175 307 195 220 211 198 8 12 228 414 450 418 449 350 134 444 261 45 174 164 186 389 178 374 308 427 384 492 57 379 102 173 111 182 143 36 349 85 142 390 407 140 269 217 306 419 322 323 420 375 29 13 47 431 177 459 351 176 27 41 442 491 145 484 74 496 312 267 305 315 212 210 321 347 477 274 148 341 335 462 252 172 15 69 154 95 327 394 131 455 117 373 207 376 463 236 132 460 7 157 271 11 35 109 314 120 404 485 362 368 495 112 203 339 453 356 123 139 291 42 417 413 470 497 476 70 84 471 227 247 439 97 237 381 241 155 436 342 280 49 209 179 388 239 244 
Cluster 1: 1 2 73 201 225 191 5 235 119 208 286 402 409 478 304 340 370 318 83 39 98 360 421 270 458 430 464 58 325 447 337 46 61 68 221 96 303 262 71 80 415 257 180 345 166 487 233 468 473 192 245 289 432 189 222 367 10 151 293 56 300 38 14 434 149 299 320 17 480 240 328 127 51 479 295 204 344 162 48 301 21 18 108 199 107 249 88 19 158 284 445 219 256 378 229 141 283 441 213 224 156 488 86 93 440 181 243 230 161 324 133 334 412 64 294 43 144 481 226 276 386 329 197 319 317 87 122 498 298 428 401 260 196 184 361 281 268 461 365 150 59 264 254 336 250 266 285 330 159 185 275 333 452 251 400 371 258 422 277 16 265 393 446 466 411 
Cluster 2: 3 4 364 33 456 232 494 202 435 62 302 231 353 429 20 50 346 90 288 99 326 259 348 124 205 433 194 332 454 278 457 483 103 403 366 385 126 331 387 296 116 31 136 437 168 200 310 255 110 406 128 287 188 358 391 309 469 104 160 91 272 78 125 100 25 54 311 425 426 443 81 448 129 55 63 153 465 65 138 32 489 392 37 40 114 106 72 169 395 263 316 499 248 82 242 396 423 486 75 355 273 493 405 60 52 216 313 238 115 354 183 163 152 193 147 474 206 467 26 214 451 76 167 352 416 363 165 234 292 77 137 187 253 9 113 383 377 94 410 92 67 118 135 338 170 398 382 146 359 490 34 
Cluster 3: 79 
Cluster 4: 218 
Cluster 5: 343 
Cluster 6: 438 
Recomputing the centroids for each cluster...
Centroid 0 = M, 0.698844, 0.691529, 0.264059, 0.435879, 0.39567, 0.392258, 0.466058, 0.368254
	Members of Cluster (180): 0 22 397 89 24 130 357 282 215 290 279 297 246 475 23 372 472 408 66 190 28 223 482 101 171 105 399 369 121 6 30 44 53 380 424 175 307 195 220 211 198 8 12 228 414 450 418 449 350 134 444 261 45 174 164 186 389 178 374 308 427 384 492 57 379 102 173 111 182 143 36 349 85 142 390 407 140 269 217 306 419 322 323 420 375 29 13 47 431 177 459 351 176 27 41 442 491 145 484 74 496 312 267 305 315 212 210 321 347 477 274 148 341 335 462 252 172 15 69 154 95 327 394 131 455 117 373 207 376 463 236 132 460 7 157 271 11 35 109 314 120 404 485 362 368 495 112 203 339 453 356 123 139 291 42 417 413 470 497 476 70 84 471 227 247 439 97 237 381 241 155 436 342 280 49 209 179 388 239 244 
	Cluster 0 SSE = 43.8927
Centroid 1 = F, 0.719176, 0.715932, 0.267285, 0.4374, 0.385708, 0.404548, 0.476537, 0.38557
	Members of Cluster (165): 1 2 73 201 225 191 5 235 119 208 286 402 409 478 304 340 370 318 83 39 98 360 421 270 458 430 464 58 325 447 337 46 61 68 221 96 303 262 71 80 415 257 180 345 166 487 233 468 473 192 245 289 432 189 222 367 10 151 293 56 300 38 14 434 149 299 320 17 480 240 328 127 51 479 295 204 344 162 48 301 21 18 108 199 107 249 88 19 158 284 445 219 256 378 229 141 283 441 213 224 156 488 86 93 440 181 243 230 161 324 133 334 412 64 294 43 144 481 226 276 386 329 197 319 317 87 122 498 298 428 401 260 196 184 361 281 268 461 365 150 59 264 254 336 250 266 285 330 159 185 275 333 452 251 400 371 258 422 277 16 265 393 446 466 411 
	Cluster 1 SSE = 27.9979
Centroid 2 = I, 0.466596, 0.445676, 0.166509, 0.168169, 0.154323, 0.1455, 0.190815, 0.230842
	Members of Cluster (151): 3 4 364 33 456 232 494 202 435 62 302 231 353 429 20 50 346 90 288 99 326 259 348 124 205 433 194 332 454 278 457 483 103 403 366 385 126 331 387 296 116 31 136 437 168 200 310 255 110 406 128 287 188 358 391 309 469 104 160 91 272 78 125 100 25 54 311 425 426 443 81 448 129 55 63 153 465 65 138 32 489 392 37 40 114 106 72 169 395 263 316 499 248 82 242 396 423 486 75 355 273 493 405 60 52 216 313 238 115 354 183 163 152 193 147 474 206 467 26 214 451 76 167 352 416 363 165 234 292 77 137 187 253 9 113 383 377 94 410 92 67 118 135 338 170 398 382 146 359 490 34 
	Cluster 2 SSE = 20.5905
Centroid 3 = I, 0.232, 0.217822, 0.0918367, 0.0400759, 0.428135, 0.0250447, 0.0451249, 0.0952381
	Members of Cluster (1): 79 
	Cluster 3 SSE = 0
Centroid 4 = M, 0.896, 0.881188, 0.326531, 0.67876, 0.461337, 0.62254, 0.888799, 1
	Members of Cluster (1): 218 
	Cluster 4 SSE = 0
Centroid 5 = F, 0.912, 0.891089, 0.214286, 0.651972, 0.583224, 0.660107, 0.308622, 0.428571
	Members of Cluster (1): 343 
	Cluster 5 SSE = 0
Centroid 6 = M, 0.92, 0.930693, 1, 0.927863, 0.963303, 0.86136, 0.8195, 0.333333
	Members of Cluster (1): 438 
	Cluster 6 SSE = 0
Total SSE (sum squared-distance of each row with its centroid) = 92.4811
Davies-Bouldin Index: 0.463825
--------------
Iteration 493
--------------
Merging clusters 1 and 5	Distance: 0.28293
There are 6 clusters
Cluster 0: 0 22 397 89 24 130 357 282 215 290 279 297 246 475 23 372 472 408 66 190 28 223 482 101 171 105 399 369 121 6 30 44 53 380 424 175 307 195 220 211 198 8 12 228 414 450 418 449 350 134 444 261 45 174 164 186 389 178 374 308 427 384 492 57 379 102 173 111 182 143 36 349 85 142 390 407 140 269 217 306 419 322 323 420 375 29 13 47 431 177 459 351 176 27 41 442 491 145 484 74 496 312 267 305 315 212 210 321 347 477 274 148 341 335 462 252 172 15 69 154 95 327 394 131 455 117 373 207 376 463 236 132 460 7 157 271 11 35 109 314 120 404 485 362 368 495 112 203 339 453 356 123 139 291 42 417 413 470 497 476 70 84 471 227 247 439 97 237 381 241 155 436 342 280 49 209 179 388 239 244 
Cluster 1: 1 2 73 201 225 191 5 235 119 208 286 402 409 478 304 340 370 318 83 39 98 360 421 270 458 430 464 58 325 447 337 46 61 68 221 96 303 262 71 80 415 257 180 345 166 487 233 468 473 192 245 289 432 189 222 367 10 151 293 56 300 38 14 434 149 299 320 17 480 240 328 127 51 479 295 204 344 162 48 301 21 18 108 199 107 249 88 19 158 284 445 219 256 378 229 141 283 441 213 224 156 488 86 93 440 181 243 230 161 324 133 334 412 64 294 43 144 481 226 276 386 329 197 319 317 87 122 498 298 428 401 260 196 184 361 281 268 461 365 150 59 264 254 336 250 266 285 330 159 185 275 333 452 251 400 371 258 422 277 16 265 393 446 466 411 343 
Cluster 2: 3 4 364 33 456 232 494 202 435 62 302 231 353 429 20 50 346 90 288 99 326 259 348 124 205 433 194 332 454 278 457 483 103 403 366 385 126 331 387 296 116 31 136 437 168 200 310 255 110 406 128 287 188 358 391 309 469 104 160 91 272 78 125 100 25 54 311 425 426 443 81 448 129 55 63 153 465 65 138 32 489 392 37 40 114 106 72 169 395 263 316 499 248 82 242 396 423 486 75 355 273 493 405 60 52 216 313 238 115 354 183 163 152 193 147 474 206 467 26 214 451 76 167 352 416 363 165 234 292 77 137 187 253 9 113 383 377 94 410 92 67 118 135 338 170 398 382 146 359 490 34 
Cluster 3: 79 
Cluster 4: 218 
Cluster 5: 438 
Recomputing the centroids for each cluster...
Centroid 0 = M, 0.698844, 0.691529, 0.264059, 0.435879, 0.39567, 0.392258, 0.466058, 0.368254
	Members of Cluster (180): 0 22 397 89 24 130 357 282 215 290 279 297 246 475 23 372 472 408 66 190 28 223 482 101 171 105 399 369 121 6 30 44 53 380 424 175 307 195 220 211 198 8 12 228 414 450 418 449 350 134 444 261 45 174 164 186 389 178 374 308 427 384 492 57 379 102 173 111 182 143 36 349 85 142 390 407 140 269 217 306 419 322 323 420 375 29 13 47 431 177 459 351 176 27 41 442 491 145 484 74 496 312 267 305 315 212 210 321 347 477 274 148 341 335 462 252 172 15 69 154 95 327 394 131 455 117 373 207 376 463 236 132 460 7 157 271 11 35 109 314 120 404 485 362 368 495 112 203 339 453 356 123 139 291 42 417 413 470 497 476 70 84 471 227 247 439 97 237 381 241 155 436 342 280 49 209 179 388 239 244 
	Cluster 0 SSE = 43.8927
Centroid 1 = F, 0.720337, 0.716987, 0.266966, 0.438693, 0.386898, 0.406088, 0.475525, 0.385829
	Members of Cluster (166): 1 2 73 201 225 191 5 235 119 208 286 402 409 478 304 340 370 318 83 39 98 360 421 270 458 430 464 58 325 447 337 46 61 68 221 96 303 262 71 80 415 257 180 345 166 487 233 468 473 192 245 289 432 189 222 367 10 151 293 56 300 38 14 434 149 299 320 17 480 240 328 127 51 479 295 204 344 162 48 301 21 18 108 199 107 249 88 19 158 284 445 219 256 378 229 141 283 441 213 224 156 488 86 93 440 181 243 230 161 324 133 334 412 64 294 43 144 481 226 276 386 329 197 319 317 87 122 498 298 428 401 260 196 184 361 281 268 461 365 150 59 264 254 336 250 266 285 330 159 185 275 333 452 251 400 371 258 422 277 16 265 393 446 466 411 343 
	Cluster 1 SSE = 28.2474
Centroid 2 = I, 0.466596, 0.445676, 0.166509, 0.168169, 0.154323, 0.1455, 0.190815, 0.230842
	Members of Cluster (151): 3 4 364 33 456 232 494 202 435 62 302 231 353 429 20 50 346 90 288 99 326 259 348 124 205 433 194 332 454 278 457 483 103 403 366 385 126 331 387 296 116 31 136 437 168 200 310 255 110 406 128 287 188 358 391 309 469 104 160 91 272 78 125 100 25 54 311 425 426 443 81 448 129 55 63 153 465 65 138 32 489 392 37 40 114 106 72 169 395 263 316 499 248 82 242 396 423 486 75 355 273 493 405 60 52 216 313 238 115 354 183 163 152 193 147 474 206 467 26 214 451 76 167 352 416 363 165 234 292 77 137 187 253 9 113 383 377 94 410 92 67 118 135 338 170 398 382 146 359 490 34 
	Cluster 2 SSE = 20.5905
Centroid 3 = I, 0.232, 0.217822, 0.0918367, 0.0400759, 0.428135, 0.0250447, 0.0451249, 0.0952381
	Members of Cluster (1): 79 
	Cluster 3 SSE = 0
Centroid 4 = M, 0.896, 0.881188, 0.326531, 0.67876, 0.461337, 0.62254, 0.888799, 1
	Members of Cluster (1): 218 
	Cluster 4 SSE = 0
Centroid 5 = M, 0.92, 0.930693, 1, 0.927863, 0.963303, 0.86136, 0.8195, 0.333333
	Members of Cluster (1): 438 
	Cluster 5 SSE = 0
Total SSE (sum squared-distance of each row with its centroid) = 92.7307
Davies-Bouldin Index: 0.383158
--------------
Iteration 494
--------------
Merging clusters 2 and 3	Distance: 0.374863
There are 5 clusters
Cluster 0: 0 22 397 89 24 130 357 282 215 290 279 297 246 475 23 372 472 408 66 190 28 223 482 101 171 105 399 369 121 6 30 44 53 380 424 175 307 195 220 211 198 8 12 228 414 450 418 449 350 134 444 261 45 174 164 186 389 178 374 308 427 384 492 57 379 102 173 111 182 143 36 349 85 142 390 407 140 269 217 306 419 322 323 420 375 29 13 47 431 177 459 351 176 27 41 442 491 145 484 74 496 312 267 305 315 212 210 321 347 477 274 148 341 335 462 252 172 15 69 154 95 327 394 131 455 117 373 207 376 463 236 132 460 7 157 271 11 35 109 314 120 404 485 362 368 495 112 203 339 453 356 123 139 291 42 417 413 470 497 476 70 84 471 227 247 439 97 237 381 241 155 436 342 280 49 209 179 388 239 244 
Cluster 1: 1 2 73 201 225 191 5 235 119 208 286 402 409 478 304 340 370 318 83 39 98 360 421 270 458 430 464 58 325 447 337 46 61 68 221 96 303 262 71 80 415 257 180 345 166 487 233 468 473 192 245 289 432 189 222 367 10 151 293 56 300 38 14 434 149 299 320 17 480 240 328 127 51 479 295 204 344 162 48 301 21 18 108 199 107 249 88 19 158 284 445 219 256 378 229 141 283 441 213 224 156 488 86 93 440 181 243 230 161 324 133 334 412 64 294 43 144 481 226 276 386 329 197 319 317 87 122 498 298 428 401 260 196 184 361 281 268 461 365 150 59 264 254 336 250 266 285 330 159 185 275 333 452 251 400 371 258 422 277 16 265 393 446 466 411 343 
Cluster 2: 3 4 364 33 456 232 494 202 435 62 302 231 353 429 20 50 346 90 288 99 326 259 348 124 205 433 194 332 454 278 457 483 103 403 366 385 126 331 387 296 116 31 136 437 168 200 310 255 110 406 128 287 188 358 391 309 469 104 160 91 272 78 125 100 25 54 311 425 426 443 81 448 129 55 63 153 465 65 138 32 489 392 37 40 114 106 72 169 395 263 316 499 248 82 242 396 423 486 75 355 273 493 405 60 52 216 313 238 115 354 183 163 152 193 147 474 206 467 26 214 451 76 167 352 416 363 165 234 292 77 137 187 253 9 113 383 377 94 410 92 67 118 135 338 170 398 382 146 359 490 34 79 
Cluster 3: 218 
Cluster 4: 438 
Recomputing the centroids for each cluster...
Centroid 0 = M, 0.698844, 0.691529, 0.264059, 0.435879, 0.39567, 0.392258, 0.466058, 0.368254
	Members of Cluster (180): 0 22 397 89 24 130 357 282 215 290 279 297 246 475 23 372 472 408 66 190 28 223 482 101 171 105 399 369 121 6 30 44 53 380 424 175 307 195 220 211 198 8 12 228 414 450 418 449 350 134 444 261 45 174 164 186 389 178 374 308 427 384 492 57 379 102 173 111 182 143 36 349 85 142 390 407 140 269 217 306 419 322 323 420 375 29 13 47 431 177 459 351 176 27 41 442 491 145 484 74 496 312 267 305 315 212 210 321 347 477 274 148 341 335 462 252 172 15 69 154 95 327 394 131 455 117 373 207 376 463 236 132 460 7 157 271 11 35 109 314 120 404 485 362 368 495 112 203 339 453 356 123 139 291 42 417 413 470 497 476 70 84 471 227 247 439 97 237 381 241 155 436 342 280 49 209 179 388 239 244 
	Cluster 0 SSE = 43.8927
Centroid 1 = F, 0.720337, 0.716987, 0.266966, 0.438693, 0.386898, 0.406088, 0.475525, 0.385829
	Members of Cluster (166): 1 2 73 201 225 191 5 235 119 208 286 402 409 478 304 340 370 318 83 39 98 360 421 270 458 430 464 58 325 447 337 46 61 68 221 96 303 262 71 80 415 257 180 345 166 487 233 468 473 192 245 289 432 189 222 367 10 151 293 56 300 38 14 434 149 299 320 17 480 240 328 127 51 479 295 204 344 162 48 301 21 18 108 199 107 249 88 19 158 284 445 219 256 378 229 141 283 441 213 224 156 488 86 93 440 181 243 230 161 324 133 334 412 64 294 43 144 481 226 276 386 329 197 319 317 87 122 498 298 428 401 260 196 184 361 281 268 461 365 150 59 264 254 336 250 266 285 330 159 185 275 333 452 251 400 371 258 422 277 16 265 393 446 466 411 343 
	Cluster 1 SSE = 28.2474
Centroid 2 = I, 0.465053, 0.444177, 0.166018, 0.167327, 0.156124, 0.144707, 0.189856, 0.22995
	Members of Cluster (152): 3 4 364 33 456 232 494 202 435 62 302 231 353 429 20 50 346 90 288 99 326 259 348 124 205 433 194 332 454 278 457 483 103 403 366 385 126 331 387 296 116 31 136 437 168 200 310 255 110 406 128 287 188 358 391 309 469 104 160 91 272 78 125 100 25 54 311 425 426 443 81 448 129 55 63 153 465 65 138 32 489 392 37 40 114 106 72 169 395 263 316 499 248 82 242 396 423 486 75 355 273 493 405 60 52 216 313 238 115 354 183 163 152 193 147 474 206 467 26 214 451 76 167 352 416 363 165 234 292 77 137 187 253 9 113 383 377 94 410 92 67 118 135 338 170 398 382 146 359 490 34 79 
	Cluster 2 SSE = 20.8468
Centroid 3 = M, 0.896, 0.881188, 0.326531, 0.67876, 0.461337, 0.62254, 0.888799, 1
	Members of Cluster (1): 218 
	Cluster 3 SSE = 0
Centroid 4 = M, 0.92, 0.930693, 1, 0.927863, 0.963303, 0.86136, 0.8195, 0.333333
	Members of Cluster (1): 438 
	Cluster 4 SSE = 0
Total SSE (sum squared-distance of each row with its centroid) = 92.987
Davies-Bouldin Index: 0.286905
--------------
Iteration 495
--------------
Merging clusters 0 and 4	Distance: 0.626736
There are 4 clusters
Cluster 0: 0 22 397 89 24 130 357 282 215 290 279 297 246 475 23 372 472 408 66 190 28 223 482 101 171 105 399 369 121 6 30 44 53 380 424 175 307 195 220 211 198 8 12 228 414 450 418 449 350 134 444 261 45 174 164 186 389 178 374 308 427 384 492 57 379 102 173 111 182 143 36 349 85 142 390 407 140 269 217 306 419 322 323 420 375 29 13 47 431 177 459 351 176 27 41 442 491 145 484 74 496 312 267 305 315 212 210 321 347 477 274 148 341 335 462 252 172 15 69 154 95 327 394 131 455 117 373 207 376 463 236 132 460 7 157 271 11 35 109 314 120 404 485 362 368 495 112 203 339 453 356 123 139 291 42 417 413 470 497 476 70 84 471 227 247 439 97 237 381 241 155 436 342 280 49 209 179 388 239 244 438 
Cluster 1: 1 2 73 201 225 191 5 235 119 208 286 402 409 478 304 340 370 318 83 39 98 360 421 270 458 430 464 58 325 447 337 46 61 68 221 96 303 262 71 80 415 257 180 345 166 487 233 468 473 192 245 289 432 189 222 367 10 151 293 56 300 38 14 434 149 299 320 17 480 240 328 127 51 479 295 204 344 162 48 301 21 18 108 199 107 249 88 19 158 284 445 219 256 378 229 141 283 441 213 224 156 488 86 93 440 181 243 230 161 324 133 334 412 64 294 43 144 481 226 276 386 329 197 319 317 87 122 498 298 428 401 260 196 184 361 281 268 461 365 150 59 264 254 336 250 266 285 330 159 185 275 333 452 251 400 371 258 422 277 16 265 393 446 466 411 343 
Cluster 2: 3 4 364 33 456 232 494 202 435 62 302 231 353 429 20 50 346 90 288 99 326 259 348 124 205 433 194 332 454 278 457 483 103 403 366 385 126 331 387 296 116 31 136 437 168 200 310 255 110 406 128 287 188 358 391 309 469 104 160 91 272 78 125 100 25 54 311 425 426 443 81 448 129 55 63 153 465 65 138 32 489 392 37 40 114 106 72 169 395 263 316 499 248 82 242 396 423 486 75 355 273 493 405 60 52 216 313 238 115 354 183 163 152 193 147 474 206 467 26 214 451 76 167 352 416 363 165 234 292 77 137 187 253 9 113 383 377 94 410 92 67 118 135 338 170 398 382 146 359 490 34 79 
Cluster 3: 218 
Recomputing the centroids for each cluster...
Centroid 0 = M, 0.700066, 0.692851, 0.268125, 0.438597, 0.398806, 0.39485, 0.468011, 0.368061
	Members of Cluster (181): 0 22 397 89 24 130 357 282 215 290 279 297 246 475 23 372 472 408 66 190 28 223 482 101 171 105 399 369 121 6 30 44 53 380 424 175 307 195 220 211 198 8 12 228 414 450 418 449 350 134 444 261 45 174 164 186 389 178 374 308 427 384 492 57 379 102 173 111 182 143 36 349 85 142 390 407 140 269 217 306 419 322 323 420 375 29 13 47 431 177 459 351 176 27 41 442 491 145 484 74 496 312 267 305 315 212 210 321 347 477 274 148 341 335 462 252 172 15 69 154 95 327 394 131 455 117 373 207 376 463 236 132 460 7 157 271 11 35 109 314 120 404 485 362 368 495 112 203 339 453 356 123 139 291 42 417 413 470 497 476 70 84 471 227 247 439 97 237 381 241 155 436 342 280 49 209 179 388 239 244 438 
	Cluster 0 SSE = 45.4423
Centroid 1 = F, 0.720337, 0.716987, 0.266966, 0.438693, 0.386898, 0.406088, 0.475525, 0.385829
	Members of Cluster (166): 1 2 73 201 225 191 5 235 119 208 286 402 409 478 304 340 370 318 83 39 98 360 421 270 458 430 464 58 325 447 337 46 61 68 221 96 303 262 71 80 415 257 180 345 166 487 233 468 473 192 245 289 432 189 222 367 10 151 293 56 300 38 14 434 149 299 320 17 480 240 328 127 51 479 295 204 344 162 48 301 21 18 108 199 107 249 88 19 158 284 445 219 256 378 229 141 283 441 213 224 156 488 86 93 440 181 243 230 161 324 133 334 412 64 294 43 144 481 226 276 386 329 197 319 317 87 122 498 298 428 401 260 196 184 361 281 268 461 365 150 59 264 254 336 250 266 285 330 159 185 275 333 452 251 400 371 258 422 277 16 265 393 446 466 411 343 
	Cluster 1 SSE = 28.2474
Centroid 2 = I, 0.465053, 0.444177, 0.166018, 0.167327, 0.156124, 0.144707, 0.189856, 0.22995
	Members of Cluster (152): 3 4 364 33 456 232 494 202 435 62 302 231 353 429 20 50 346 90 288 99 326 259 348 124 205 433 194 332 454 278 457 483 103 403 366 385 126 331 387 296 116 31 136 437 168 200 310 255 110 406 128 287 188 358 391 309 469 104 160 91 272 78 125 100 25 54 311 425 426 443 81 448 129 55 63 153 465 65 138 32 489 392 37 40 114 106 72 169 395 263 316 499 248 82 242 396 423 486 75 355 273 493 405 60 52 216 313 238 115 354 183 163 152 193 147 474 206 467 26 214 451 76 167 352 416 363 165 234 292 77 137 187 253 9 113 383 377 94 410 92 67 118 135 338 170 398 382 146 359 490 34 79 
	Cluster 2 SSE = 20.8468
Centroid 3 = M, 0.896, 0.881188, 0.326531, 0.67876, 0.461337, 0.62254, 0.888799, 1
	Members of Cluster (1): 218 
	Cluster 3 SSE = 0
Total SSE (sum squared-distance of each row with its centroid) = 94.5366
Davies-Bouldin Index: 0.325553
--------------
Iteration 496
--------------
Merging clusters 0 and 2	Distance: 1.00011
There are 3 clusters
Cluster 0: 0 22 397 89 24 130 357 282 215 290 279 297 246 475 23 372 472 408 66 190 28 223 482 101 171 105 399 369 121 6 30 44 53 380 424 175 307 195 220 211 198 8 12 228 414 450 418 449 350 134 444 261 45 174 164 186 389 178 374 308 427 384 492 57 379 102 173 111 182 143 36 349 85 142 390 407 140 269 217 306 419 322 323 420 375 29 13 47 431 177 459 351 176 27 41 442 491 145 484 74 496 312 267 305 315 212 210 321 347 477 274 148 341 335 462 252 172 15 69 154 95 327 394 131 455 117 373 207 376 463 236 132 460 7 157 271 11 35 109 314 120 404 485 362 368 495 112 203 339 453 356 123 139 291 42 417 413 470 497 476 70 84 471 227 247 439 97 237 381 241 155 436 342 280 49 209 179 388 239 244 438 3 4 364 33 456 232 494 202 435 62 302 231 353 429 20 50 346 90 288 99 326 259 348 124 205 433 194 332 454 278 457 483 103 403 366 385 126 331 387 296 116 31 136 437 168 200 310 255 110 406 128 287 188 358 391 309 469 104 160 91 272 78 125 100 25 54 311 425 426 443 81 448 129 55 63 153 465 65 138 32 489 392 37 40 114 106 72 169 395 263 316 499 248 82 242 396 423 486 75 355 273 493 405 60 52 216 313 238 115 354 183 163 152 193 147 474 206 467 26 214 451 76 167 352 416 363 165 234 292 77 137 187 253 9 113 383 377 94 410 92 67 118 135 338 170 398 382 146 359 490 34 79 
Cluster 1: 1 2 73 201 225 191 5 235 119 208 286 402 409 478 304 340 370 318 83 39 98 360 421 270 458 430 464 58 325 447 337 46 61 68 221 96 303 262 71 80 415 257 180 345 166 487 233 468 473 192 245 289 432 189 222 367 10 151 293 56 300 38 14 434 149 299 320 17 480 240 328 127 51 479 295 204 344 162 48 301 21 18 108 199 107 249 88 19 158 284 445 219 256 378 229 141 283 441 213 224 156 488 86 93 440 181 243 230 161 324 133 334 412 64 294 43 144 481 226 276 386 329 197 319 317 87 122 498 298 428 401 260 196 184 361 281 268 461 365 150 59 264 254 336 250 266 285 330 159 185 275 333 452 251 400 371 258 422 277 16 265 393 446 466 411 343 
Cluster 2: 218 
Recomputing the centroids for each cluster...
Centroid 0 = M, 0.592793, 0.579342, 0.221517, 0.314774, 0.288032, 0.280671, 0.341045, 0.305019
	Members of Cluster (333): 0 22 397 89 24 130 357 282 215 290 279 297 246 475 23 372 472 408 66 190 28 223 482 101 171 105 399 369 121 6 30 44 53 380 424 175 307 195 220 211 198 8 12 228 414 450 418 449 350 134 444 261 45 174 164 186 389 178 374 308 427 384 492 57 379 102 173 111 182 143 36 349 85 142 390 407 140 269 217 306 419 322 323 420 375 29 13 47 431 177 459 351 176 27 41 442 491 145 484 74 496 312 267 305 315 212 210 321 347 477 274 148 341 335 462 252 172 15 69 154 95 327 394 131 455 117 373 207 376 463 236 132 460 7 157 271 11 35 109 314 120 404 485 362 368 495 112 203 339 453 356 123 139 291 42 417 413 470 497 476 70 84 471 227 247 439 97 237 381 241 155 436 342 280 49 209 179 388 239 244 438 3 4 364 33 456 232 494 202 435 62 302 231 353 429 20 50 346 90 288 99 326 259 348 124 205 433 194 332 454 278 457 483 103 403 366 385 126 331 387 296 116 31 136 437 168 200 310 255 110 406 128 287 188 358 391 309 469 104 160 91 272 78 125 100 25 54 311 425 426 443 81 448 129 55 63 153 465 65 138 32 489 392 37 40 114 106 72 169 395 263 316 499 248 82 242 396 423 486 75 355 273 493 405 60 52 216 313 238 115 354 183 163 152 193 147 474 206 467 26 214 451 76 167 352 416 363 165 234 292 77 137 187 253 9 113 383 377 94 410 92 67 118 135 338 170 398 382 146 359 490 34 79 
	Cluster 0 SSE = 252.906
Centroid 1 = F, 0.720337, 0.716987, 0.266966, 0.438693, 0.386898, 0.406088, 0.475525, 0.385829
	Members of Cluster (166): 1 2 73 201 225 191 5 235 119 208 286 402 409 478 304 340 370 318 83 39 98 360 421 270 458 430 464 58 325 447 337 46 61 68 221 96 303 262 71 80 415 257 180 345 166 487 233 468 473 192 245 289 432 189 222 367 10 151 293 56 300 38 14 434 149 299 320 17 480 240 328 127 51 479 295 204 344 162 48 301 21 18 108 199 107 249 88 19 158 284 445 219 256 378 229 141 283 441 213 224 156 488 86 93 440 181 243 230 161 324 133 334 412 64 294 43 144 481 226 276 386 329 197 319 317 87 122 498 298 428 401 260 196 184 361 281 268 461 365 150 59 264 254 336 250 266 285 330 159 185 275 333 452 251 400 371 258 422 277 16 265 393 446 466 411 343 
	Cluster 1 SSE = 28.2474
Centroid 2 = M, 0.896, 0.881188, 0.326531, 0.67876, 0.461337, 0.62254, 0.888799, 1
	Members of Cluster (1): 218 
	Cluster 2 SSE = 0
Total SSE (sum squared-distance of each row with its centroid) = 281.153
Davies-Bouldin Index: 0.708105
--------------
Iteration 497
--------------
Merging clusters 0 and 1	Distance: 1.00024
There are 2 clusters
Cluster 0: 0 22 397 89 24 130 357 282 215 290 279 297 246 475 23 372 472 408 66 190 28 223 482 101 171 105 399 369 121 6 30 44 53 380 424 175 307 195 220 211 198 8 12 228 414 450 418 449 350 134 444 261 45 174 164 186 389 178 374 308 427 384 492 57 379 102 173 111 182 143 36 349 85 142 390 407 140 269 217 306 419 322 323 420 375 29 13 47 431 177 459 351 176 27 41 442 491 145 484 74 496 312 267 305 315 212 210 321 347 477 274 148 341 335 462 252 172 15 69 154 95 327 394 131 455 117 373 207 376 463 236 132 460 7 157 271 11 35 109 314 120 404 485 362 368 495 112 203 339 453 356 123 139 291 42 417 413 470 497 476 70 84 471 227 247 439 97 237 381 241 155 436 342 280 49 209 179 388 239 244 438 3 4 364 33 456 232 494 202 435 62 302 231 353 429 20 50 346 90 288 99 326 259 348 124 205 433 194 332 454 278 457 483 103 403 366 385 126 331 387 296 116 31 136 437 168 200 310 255 110 406 128 287 188 358 391 309 469 104 160 91 272 78 125 100 25 54 311 425 426 443 81 448 129 55 63 153 465 65 138 32 489 392 37 40 114 106 72 169 395 263 316 499 248 82 242 396 423 486 75 355 273 493 405 60 52 216 313 238 115 354 183 163 152 193 147 474 206 467 26 214 451 76 167 352 416 363 165 234 292 77 137 187 253 9 113 383 377 94 410 92 67 118 135 338 170 398 382 146 359 490 34 79 1 2 73 201 225 191 5 235 119 208 286 402 409 478 304 340 370 318 83 39 98 360 421 270 458 430 464 58 325 447 337 46 61 68 221 96 303 262 71 80 415 257 180 345 166 487 233 468 473 192 245 289 432 189 222 367 10 151 293 56 300 38 14 434 149 299 320 17 480 240 328 127 51 479 295 204 344 162 48 301 21 18 108 199 107 249 88 19 158 284 445 219 256 378 229 141 283 441 213 224 156 488 86 93 440 181 243 230 161 324 133 334 412 64 294 43 144 481 226 276 386 329 197 319 317 87 122 498 298 428 401 260 196 184 361 281 268 461 365 150 59 264 254 336 250 266 285 330 159 185 275 333 452 251 400 371 258 422 277 16 265 393 446 466 411 343 
Cluster 1: 218 
Recomputing the centroids for each cluster...
Centroid 0 = M, 0.635222, 0.625131, 0.236637, 0.355997, 0.320921, 0.322393, 0.385782, 0.331902
	Members of Cluster (499): 0 22 397 89 24 130 357 282 215 290 279 297 246 475 23 372 472 408 66 190 28 223 482 101 171 105 399 369 121 6 30 44 53 380 424 175 307 195 220 211 198 8 12 228 414 450 418 449 350 134 444 261 45 174 164 186 389 178 374 308 427 384 492 57 379 102 173 111 182 143 36 349 85 142 390 407 140 269 217 306 419 322 323 420 375 29 13 47 431 177 459 351 176 27 41 442 491 145 484 74 496 312 267 305 315 212 210 321 347 477 274 148 341 335 462 252 172 15 69 154 95 327 394 131 455 117 373 207 376 463 236 132 460 7 157 271 11 35 109 314 120 404 485 362 368 495 112 203 339 453 356 123 139 291 42 417 413 470 497 476 70 84 471 227 247 439 97 237 381 241 155 436 342 280 49 209 179 388 239 244 438 3 4 364 33 456 232 494 202 435 62 302 231 353 429 20 50 346 90 288 99 326 259 348 124 205 433 194 332 454 278 457 483 103 403 366 385 126 331 387 296 116 31 136 437 168 200 310 255 110 406 128 287 188 358 391 309 469 104 160 91 272 78 125 100 25 54 311 425 426 443 81 448 129 55 63 153 465 65 138 32 489 392 37 40 114 106 72 169 395 263 316 499 248 82 242 396 423 486 75 355 273 493 405 60 52 216 313 238 115 354 183 163 152 193 147 474 206 467 26 214 451 76 167 352 416 363 165 234 292 77 137 187 253 9 113 383 377 94 410 92 67 118 135 338 170 398 382 146 359 490 34 79 1 2 73 201 225 191 5 235 119 208 286 402 409 478 304 340 370 318 83 39 98 360 421 270 458 430 464 58 325 447 337 46 61 68 221 96 303 262 71 80 415 257 180 345 166 487 233 468 473 192 245 289 432 189 222 367 10 151 293 56 300 38 14 434 149 299 320 17 480 240 328 127 51 479 295 204 344 162 48 301 21 18 108 199 107 249 88 19 158 284 445 219 256 378 229 141 283 441 213 224 156 488 86 93 440 181 243 230 161 324 133 334 412 64 294 43 144 481 226 276 386 329 197 319 317 87 122 498 298 428 401 260 196 184 361 281 268 461 365 150 59 264 254 336 250 266 285 330 159 185 275 333 452 251 400 371 258 422 277 16 265 393 446 466 411 343 
	Cluster 0 SSE = 458.536
Centroid 1 = M, 0.896, 0.881188, 0.326531, 0.67876, 0.461337, 0.62254, 0.888799, 1
	Members of Cluster (1): 218 
	Cluster 1 SSE = 0
Total SSE (sum squared-distance of each row with its centroid) = 458.536
Davies-Bouldin Index: 0.571228
