Dataset name: ../data/abalone500.arff
Number of instances (rows): 500
Number of attributes (cols): 9
Learning algorithm: clustering
Evaluation method: training
Running HAC...
There are 7 clusters
Cluster 0: 0 241 2 73 225 409 201 461 360 304 370 166 180 19 122 283 317 51 295 479 162 301 88 127 240 108 434 64 285 159 452 466 66 111 215 246 475 282 372 307 424 105 369 399 121 228 418 123 155 436 291 419 210 321 442 109 271 453 244 8 27 477 177 351 274 356 305 491 335 28 408 472 134 397 186 139 95 182 35 339 3 163 231 302 278 4 364 33 232 494 456 435 60 31 493 54 426 129 138 448 63 273 128 188 406 391 214 104 99 152 137 216 238 331 296 9 202 353 92 25 81 311 91 136 437 200 110 358 272 469 65 37 20 348 50 346 387 326 77 259 332 454 403 457 483 467 126 32 489 395 465 443 168 287 310 160 76 253 292 354 416 398 40 169 248 316 499 423 55 153 183 425 67 79 242 486 72 106 114 147 474 206 263 396 82 362 485 34 52 115 165 234 167 363 100 288 103 205 194 385 433 62 78 125 75 355 383 359 392 170 26 90 116 405 94 352 113 255 309 124 429 451 7 368 495 145 12 350 450 172 261 174 101 349 380 22 357 23 198 389 217 375 420 236 306 323 390 247 131 476 497 227 84 381 179 157 459 24 130 190 279 143 223 482 30 44 53 211 171 290 45 463 57 444 74 341 132 384 142 414 322 460 439 455 237 413 471 342 417 438 5 235 340 402 96 430 80 14 299 87 17 498 150 378 428 330 141 213 441 440 158 250 59 264 189 265 393 411 277 83 191 432 325 93 197 298 361 149 196 233 345 415 303 318 365 11 203 314 120 404 13 347 484 496 47 48 71 257 192 262 258 367 10 151 107 249 386 266 328 226 156 254 336 333 343 16 61 221 222 15 41 312 315 431 148 112 42 85 269 407 164 449 49 388 46 487 458 21 447 412 344 98 300 208 478 270 68 199 43 276 488 294 133 229 256 284 445 481 230 243 260 185 289 251 446 187 313 366 382 119 473 181 324 329 334 224 184 204 480 144 219 320 268 337 468 400 175 492 327 178 373 376 427 267 29 89 308 207 212 252 394 280 462 38 293 161 286 275 245 36 102 379 220 297 140 117 69 176 209 470 70 1 86 18 281 58 464 135 146 193 338 6 154 118 490 377 374 319 401 410 195 173 
Cluster 1: 39 421 56 
Cluster 2: 97 
Cluster 3: 218 
Cluster 4: 239 
Cluster 5: 371 
Cluster 6: 422 
Recomputing the centroids for each cluster...
Centroid 0 = M, 0.526037, 0.409827, 0.140437, 0.848319, 0.371566, 0.184328, 0.240246, 9.83333
	Members of Cluster (492): 0 241 2 73 225 409 201 461 360 304 370 166 180 19 122 283 317 51 295 479 162 301 88 127 240 108 434 64 285 159 452 466 66 111 215 246 475 282 372 307 424 105 369 399 121 228 418 123 155 436 291 419 210 321 442 109 271 453 244 8 27 477 177 351 274 356 305 491 335 28 408 472 134 397 186 139 95 182 35 339 3 163 231 302 278 4 364 33 232 494 456 435 60 31 493 54 426 129 138 448 63 273 128 188 406 391 214 104 99 152 137 216 238 331 296 9 202 353 92 25 81 311 91 136 437 200 110 358 272 469 65 37 20 348 50 346 387 326 77 259 332 454 403 457 483 467 126 32 489 395 465 443 168 287 310 160 76 253 292 354 416 398 40 169 248 316 499 423 55 153 183 425 67 79 242 486 72 106 114 147 474 206 263 396 82 362 485 34 52 115 165 234 167 363 100 288 103 205 194 385 433 62 78 125 75 355 383 359 392 170 26 90 116 405 94 352 113 255 309 124 429 451 7 368 495 145 12 350 450 172 261 174 101 349 380 22 357 23 198 389 217 375 420 236 306 323 390 247 131 476 497 227 84 381 179 157 459 24 130 190 279 143 223 482 30 44 53 211 171 290 45 463 57 444 74 341 132 384 142 414 322 460 439 455 237 413 471 342 417 438 5 235 340 402 96 430 80 14 299 87 17 498 150 378 428 330 141 213 441 440 158 250 59 264 189 265 393 411 277 83 191 432 325 93 197 298 361 149 196 233 345 415 303 318 365 11 203 314 120 404 13 347 484 496 47 48 71 257 192 262 258 367 10 151 107 249 386 266 328 226 156 254 336 333 343 16 61 221 222 15 41 312 315 431 148 112 42 85 269 407 164 449 49 388 46 487 458 21 447 412 344 98 300 208 478 270 68 199 43 276 488 294 133 229 256 284 445 481 230 243 260 185 289 251 446 187 313 366 382 119 473 181 324 329 334 224 184 204 480 144 219 320 268 337 468 400 175 492 327 178 373 376 427 267 29 89 308 207 212 252 394 280 462 38 293 161 286 275 245 36 102 379 220 297 140 117 69 176 209 470 70 1 86 18 281 58 464 135 146 193 338 6 154 118 490 377 374 319 401 410 195 173 
	Cluster 0 SSE = 4912.66
Centroid 1 = F, 0.508333, 0.406667, 0.151667, 0.816, 0.252, 0.157167, 0.255, 20.3333
	Members of Cluster (3): 39 421 56 
	Cluster 1 SSE = 10.6733
Centroid 2 = M, 0.625, 0.505, 0.215, 1.4455, 0.496, 0.287, 0.435, 22
	Members of Cluster (1): 97 
	Cluster 2 SSE = 0
Centroid 3 = M, 0.69, 0.54, 0.185, 1.6195, 0.533, 0.353, 0.555, 24
	Members of Cluster (1): 218 
	Cluster 3 SSE = 0
Centroid 4 = M, 0.66, 0.505, 0.2, 1.6305, 0.4865, 0.297, 0.61, 18
	Members of Cluster (1): 239 
	Cluster 4 SSE = 0
Centroid 5 = F, 0.685, 0.525, 0.175, 1.71, 0.5415, 0.309, 0.58, 16
	Members of Cluster (1): 371 
	Cluster 5 SSE = 0
Centroid 6 = F, 0.675, 0.545, 0.195, 1.7345, 0.6845, 0.3695, 0.605, 20
	Members of Cluster (1): 422 
	Cluster 6 SSE = 0
Total SSE (sum squared-distance of each row with its centroid) = 4923.33
Davies-Bouldin Index: 5.46485
--------------
Iteration 493
--------------
Merging clusters 0 and 1	Distance: 1.00267
There are 6 clusters
Cluster 0: 0 241 2 73 225 409 201 461 360 304 370 166 180 19 122 283 317 51 295 479 162 301 88 127 240 108 434 64 285 159 452 466 66 111 215 246 475 282 372 307 424 105 369 399 121 228 418 123 155 436 291 419 210 321 442 109 271 453 244 8 27 477 177 351 274 356 305 491 335 28 408 472 134 397 186 139 95 182 35 339 3 163 231 302 278 4 364 33 232 494 456 435 60 31 493 54 426 129 138 448 63 273 128 188 406 391 214 104 99 152 137 216 238 331 296 9 202 353 92 25 81 311 91 136 437 200 110 358 272 469 65 37 20 348 50 346 387 326 77 259 332 454 403 457 483 467 126 32 489 395 465 443 168 287 310 160 76 253 292 354 416 398 40 169 248 316 499 423 55 153 183 425 67 79 242 486 72 106 114 147 474 206 263 396 82 362 485 34 52 115 165 234 167 363 100 288 103 205 194 385 433 62 78 125 75 355 383 359 392 170 26 90 116 405 94 352 113 255 309 124 429 451 7 368 495 145 12 350 450 172 261 174 101 349 380 22 357 23 198 389 217 375 420 236 306 323 390 247 131 476 497 227 84 381 179 157 459 24 130 190 279 143 223 482 30 44 53 211 171 290 45 463 57 444 74 341 132 384 142 414 322 460 439 455 237 413 471 342 417 438 5 235 340 402 96 430 80 14 299 87 17 498 150 378 428 330 141 213 441 440 158 250 59 264 189 265 393 411 277 83 191 432 325 93 197 298 361 149 196 233 345 415 303 318 365 11 203 314 120 404 13 347 484 496 47 48 71 257 192 262 258 367 10 151 107 249 386 266 328 226 156 254 336 333 343 16 61 221 222 15 41 312 315 431 148 112 42 85 269 407 164 449 49 388 46 487 458 21 447 412 344 98 300 208 478 270 68 199 43 276 488 294 133 229 256 284 445 481 230 243 260 185 289 251 446 187 313 366 382 119 473 181 324 329 334 224 184 204 480 144 219 320 268 337 468 400 175 492 327 178 373 376 427 267 29 89 308 207 212 252 394 280 462 38 293 161 286 275 245 36 102 379 220 297 140 117 69 176 209 470 70 1 86 18 281 58 464 135 146 193 338 6 154 118 490 377 374 319 401 410 195 173 39 421 56 
Cluster 1: 97 
Cluster 2: 218 
Cluster 3: 239 
Cluster 4: 371 
Cluster 5: 422 
Recomputing the centroids for each cluster...
Centroid 0 = M, 0.525929, 0.409808, 0.140505, 0.848123, 0.370841, 0.184164, 0.240335, 9.89697
	Members of Cluster (495): 0 241 2 73 225 409 201 461 360 304 370 166 180 19 122 283 317 51 295 479 162 301 88 127 240 108 434 64 285 159 452 466 66 111 215 246 475 282 372 307 424 105 369 399 121 228 418 123 155 436 291 419 210 321 442 109 271 453 244 8 27 477 177 351 274 356 305 491 335 28 408 472 134 397 186 139 95 182 35 339 3 163 231 302 278 4 364 33 232 494 456 435 60 31 493 54 426 129 138 448 63 273 128 188 406 391 214 104 99 152 137 216 238 331 296 9 202 353 92 25 81 311 91 136 437 200 110 358 272 469 65 37 20 348 50 346 387 326 77 259 332 454 403 457 483 467 126 32 489 395 465 443 168 287 310 160 76 253 292 354 416 398 40 169 248 316 499 423 55 153 183 425 67 79 242 486 72 106 114 147 474 206 263 396 82 362 485 34 52 115 165 234 167 363 100 288 103 205 194 385 433 62 78 125 75 355 383 359 392 170 26 90 116 405 94 352 113 255 309 124 429 451 7 368 495 145 12 350 450 172 261 174 101 349 380 22 357 23 198 389 217 375 420 236 306 323 390 247 131 476 497 227 84 381 179 157 459 24 130 190 279 143 223 482 30 44 53 211 171 290 45 463 57 444 74 341 132 384 142 414 322 460 439 455 237 413 471 342 417 438 5 235 340 402 96 430 80 14 299 87 17 498 150 378 428 330 141 213 441 440 158 250 59 264 189 265 393 411 277 83 191 432 325 93 197 298 361 149 196 233 345 415 303 318 365 11 203 314 120 404 13 347 484 496 47 48 71 257 192 262 258 367 10 151 107 249 386 266 328 226 156 254 336 333 343 16 61 221 222 15 41 312 315 431 148 112 42 85 269 407 164 449 49 388 46 487 458 21 447 412 344 98 300 208 478 270 68 199 43 276 488 294 133 229 256 284 445 481 230 243 260 185 289 251 446 187 313 366 382 119 473 181 324 329 334 224 184 204 480 144 219 320 268 337 468 400 175 492 327 178 373 376 427 267 29 89 308 207 212 252 394 280 462 38 293 161 286 275 245 36 102 379 220 297 140 117 69 176 209 470 70 1 86 18 281 58 464 135 146 193 338 6 154 118 490 377 374 319 401 410 195 173 39 421 56 
	Cluster 0 SSE = 5255.12
Centroid 1 = M, 0.625, 0.505, 0.215, 1.4455, 0.496, 0.287, 0.435, 22
	Members of Cluster (1): 97 
	Cluster 1 SSE = 0
Centroid 2 = M, 0.69, 0.54, 0.185, 1.6195, 0.533, 0.353, 0.555, 24
	Members of Cluster (1): 218 
	Cluster 2 SSE = 0
Centroid 3 = M, 0.66, 0.505, 0.2, 1.6305, 0.4865, 0.297, 0.61, 18
	Members of Cluster (1): 239 
	Cluster 3 SSE = 0
Centroid 4 = F, 0.685, 0.525, 0.175, 1.71, 0.5415, 0.309, 0.58, 16
	Members of Cluster (1): 371 
	Cluster 4 SSE = 0
Centroid 5 = F, 0.675, 0.545, 0.195, 1.7345, 0.6845, 0.3695, 0.605, 20
	Members of Cluster (1): 422 
	Cluster 5 SSE = 0
Total SSE (sum squared-distance of each row with its centroid) = 5255.12
Davies-Bouldin Index: 5.58725
--------------
Iteration 494
--------------
Merging clusters 2 and 3	Distance: 1.00538
There are 5 clusters
Cluster 0: 0 241 2 73 225 409 201 461 360 304 370 166 180 19 122 283 317 51 295 479 162 301 88 127 240 108 434 64 285 159 452 466 66 111 215 246 475 282 372 307 424 105 369 399 121 228 418 123 155 436 291 419 210 321 442 109 271 453 244 8 27 477 177 351 274 356 305 491 335 28 408 472 134 397 186 139 95 182 35 339 3 163 231 302 278 4 364 33 232 494 456 435 60 31 493 54 426 129 138 448 63 273 128 188 406 391 214 104 99 152 137 216 238 331 296 9 202 353 92 25 81 311 91 136 437 200 110 358 272 469 65 37 20 348 50 346 387 326 77 259 332 454 403 457 483 467 126 32 489 395 465 443 168 287 310 160 76 253 292 354 416 398 40 169 248 316 499 423 55 153 183 425 67 79 242 486 72 106 114 147 474 206 263 396 82 362 485 34 52 115 165 234 167 363 100 288 103 205 194 385 433 62 78 125 75 355 383 359 392 170 26 90 116 405 94 352 113 255 309 124 429 451 7 368 495 145 12 350 450 172 261 174 101 349 380 22 357 23 198 389 217 375 420 236 306 323 390 247 131 476 497 227 84 381 179 157 459 24 130 190 279 143 223 482 30 44 53 211 171 290 45 463 57 444 74 341 132 384 142 414 322 460 439 455 237 413 471 342 417 438 5 235 340 402 96 430 80 14 299 87 17 498 150 378 428 330 141 213 441 440 158 250 59 264 189 265 393 411 277 83 191 432 325 93 197 298 361 149 196 233 345 415 303 318 365 11 203 314 120 404 13 347 484 496 47 48 71 257 192 262 258 367 10 151 107 249 386 266 328 226 156 254 336 333 343 16 61 221 222 15 41 312 315 431 148 112 42 85 269 407 164 449 49 388 46 487 458 21 447 412 344 98 300 208 478 270 68 199 43 276 488 294 133 229 256 284 445 481 230 243 260 185 289 251 446 187 313 366 382 119 473 181 324 329 334 224 184 204 480 144 219 320 268 337 468 400 175 492 327 178 373 376 427 267 29 89 308 207 212 252 394 280 462 38 293 161 286 275 245 36 102 379 220 297 140 117 69 176 209 470 70 1 86 18 281 58 464 135 146 193 338 6 154 118 490 377 374 319 401 410 195 173 39 421 56 
Cluster 1: 97 
Cluster 2: 218 239 
Cluster 3: 371 
Cluster 4: 422 
Recomputing the centroids for each cluster...
Centroid 0 = M, 0.525929, 0.409808, 0.140505, 0.848123, 0.370841, 0.184164, 0.240335, 9.89697
	Members of Cluster (495): 0 241 2 73 225 409 201 461 360 304 370 166 180 19 122 283 317 51 295 479 162 301 88 127 240 108 434 64 285 159 452 466 66 111 215 246 475 282 372 307 424 105 369 399 121 228 418 123 155 436 291 419 210 321 442 109 271 453 244 8 27 477 177 351 274 356 305 491 335 28 408 472 134 397 186 139 95 182 35 339 3 163 231 302 278 4 364 33 232 494 456 435 60 31 493 54 426 129 138 448 63 273 128 188 406 391 214 104 99 152 137 216 238 331 296 9 202 353 92 25 81 311 91 136 437 200 110 358 272 469 65 37 20 348 50 346 387 326 77 259 332 454 403 457 483 467 126 32 489 395 465 443 168 287 310 160 76 253 292 354 416 398 40 169 248 316 499 423 55 153 183 425 67 79 242 486 72 106 114 147 474 206 263 396 82 362 485 34 52 115 165 234 167 363 100 288 103 205 194 385 433 62 78 125 75 355 383 359 392 170 26 90 116 405 94 352 113 255 309 124 429 451 7 368 495 145 12 350 450 172 261 174 101 349 380 22 357 23 198 389 217 375 420 236 306 323 390 247 131 476 497 227 84 381 179 157 459 24 130 190 279 143 223 482 30 44 53 211 171 290 45 463 57 444 74 341 132 384 142 414 322 460 439 455 237 413 471 342 417 438 5 235 340 402 96 430 80 14 299 87 17 498 150 378 428 330 141 213 441 440 158 250 59 264 189 265 393 411 277 83 191 432 325 93 197 298 361 149 196 233 345 415 303 318 365 11 203 314 120 404 13 347 484 496 47 48 71 257 192 262 258 367 10 151 107 249 386 266 328 226 156 254 336 333 343 16 61 221 222 15 41 312 315 431 148 112 42 85 269 407 164 449 49 388 46 487 458 21 447 412 344 98 300 208 478 270 68 199 43 276 488 294 133 229 256 284 445 481 230 243 260 185 289 251 446 187 313 366 382 119 473 181 324 329 334 224 184 204 480 144 219 320 268 337 468 400 175 492 327 178 373 376 427 267 29 89 308 207 212 252 394 280 462 38 293 161 286 275 245 36 102 379 220 297 140 117 69 176 209 470 70 1 86 18 281 58 464 135 146 193 338 6 154 118 490 377 374 319 401 410 195 173 39 421 56 
	Cluster 0 SSE = 5255.12
Centroid 1 = M, 0.625, 0.505, 0.215, 1.4455, 0.496, 0.287, 0.435, 22
	Members of Cluster (1): 97 
	Cluster 1 SSE = 0
Centroid 2 = M, 0.675, 0.5225, 0.1925, 1.625, 0.50975, 0.325, 0.5825, 21
	Members of Cluster (2): 218 239 
	Cluster 2 SSE = 18.0054
Centroid 3 = F, 0.685, 0.525, 0.175, 1.71, 0.5415, 0.309, 0.58, 16
	Members of Cluster (1): 371 
	Cluster 3 SSE = 0
Centroid 4 = F, 0.675, 0.545, 0.195, 1.7345, 0.6845, 0.3695, 0.605, 20
	Members of Cluster (1): 422 
	Cluster 4 SSE = 0
Total SSE (sum squared-distance of each row with its centroid) = 5273.13
Davies-Bouldin Index: 7.84305
--------------
Iteration 495
--------------
Merging clusters 0 and 4	Distance: 1.00606
There are 4 clusters
Cluster 0: 0 241 2 73 225 409 201 461 360 304 370 166 180 19 122 283 317 51 295 479 162 301 88 127 240 108 434 64 285 159 452 466 66 111 215 246 475 282 372 307 424 105 369 399 121 228 418 123 155 436 291 419 210 321 442 109 271 453 244 8 27 477 177 351 274 356 305 491 335 28 408 472 134 397 186 139 95 182 35 339 3 163 231 302 278 4 364 33 232 494 456 435 60 31 493 54 426 129 138 448 63 273 128 188 406 391 214 104 99 152 137 216 238 331 296 9 202 353 92 25 81 311 91 136 437 200 110 358 272 469 65 37 20 348 50 346 387 326 77 259 332 454 403 457 483 467 126 32 489 395 465 443 168 287 310 160 76 253 292 354 416 398 40 169 248 316 499 423 55 153 183 425 67 79 242 486 72 106 114 147 474 206 263 396 82 362 485 34 52 115 165 234 167 363 100 288 103 205 194 385 433 62 78 125 75 355 383 359 392 170 26 90 116 405 94 352 113 255 309 124 429 451 7 368 495 145 12 350 450 172 261 174 101 349 380 22 357 23 198 389 217 375 420 236 306 323 390 247 131 476 497 227 84 381 179 157 459 24 130 190 279 143 223 482 30 44 53 211 171 290 45 463 57 444 74 341 132 384 142 414 322 460 439 455 237 413 471 342 417 438 5 235 340 402 96 430 80 14 299 87 17 498 150 378 428 330 141 213 441 440 158 250 59 264 189 265 393 411 277 83 191 432 325 93 197 298 361 149 196 233 345 415 303 318 365 11 203 314 120 404 13 347 484 496 47 48 71 257 192 262 258 367 10 151 107 249 386 266 328 226 156 254 336 333 343 16 61 221 222 15 41 312 315 431 148 112 42 85 269 407 164 449 49 388 46 487 458 21 447 412 344 98 300 208 478 270 68 199 43 276 488 294 133 229 256 284 445 481 230 243 260 185 289 251 446 187 313 366 382 119 473 181 324 329 334 224 184 204 480 144 219 320 268 337 468 400 175 492 327 178 373 376 427 267 29 89 308 207 212 252 394 280 462 38 293 161 286 275 245 36 102 379 220 297 140 117 69 176 209 470 70 1 86 18 281 58 464 135 146 193 338 6 154 118 490 377 374 319 401 410 195 173 39 421 56 422 
Cluster 1: 97 
Cluster 2: 218 239 
Cluster 3: 371 
Recomputing the centroids for each cluster...
Centroid 0 = M, 0.52623, 0.410081, 0.140615, 0.84991, 0.371474, 0.184537, 0.241071, 9.91734
	Members of Cluster (496): 0 241 2 73 225 409 201 461 360 304 370 166 180 19 122 283 317 51 295 479 162 301 88 127 240 108 434 64 285 159 452 466 66 111 215 246 475 282 372 307 424 105 369 399 121 228 418 123 155 436 291 419 210 321 442 109 271 453 244 8 27 477 177 351 274 356 305 491 335 28 408 472 134 397 186 139 95 182 35 339 3 163 231 302 278 4 364 33 232 494 456 435 60 31 493 54 426 129 138 448 63 273 128 188 406 391 214 104 99 152 137 216 238 331 296 9 202 353 92 25 81 311 91 136 437 200 110 358 272 469 65 37 20 348 50 346 387 326 77 259 332 454 403 457 483 467 126 32 489 395 465 443 168 287 310 160 76 253 292 354 416 398 40 169 248 316 499 423 55 153 183 425 67 79 242 486 72 106 114 147 474 206 263 396 82 362 485 34 52 115 165 234 167 363 100 288 103 205 194 385 433 62 78 125 75 355 383 359 392 170 26 90 116 405 94 352 113 255 309 124 429 451 7 368 495 145 12 350 450 172 261 174 101 349 380 22 357 23 198 389 217 375 420 236 306 323 390 247 131 476 497 227 84 381 179 157 459 24 130 190 279 143 223 482 30 44 53 211 171 290 45 463 57 444 74 341 132 384 142 414 322 460 439 455 237 413 471 342 417 438 5 235 340 402 96 430 80 14 299 87 17 498 150 378 428 330 141 213 441 440 158 250 59 264 189 265 393 411 277 83 191 432 325 93 197 298 361 149 196 233 345 415 303 318 365 11 203 314 120 404 13 347 484 496 47 48 71 257 192 262 258 367 10 151 107 249 386 266 328 226 156 254 336 333 343 16 61 221 222 15 41 312 315 431 148 112 42 85 269 407 164 449 49 388 46 487 458 21 447 412 344 98 300 208 478 270 68 199 43 276 488 294 133 229 256 284 445 481 230 243 260 185 289 251 446 187 313 366 382 119 473 181 324 329 334 224 184 204 480 144 219 320 268 337 468 400 175 492 327 178 373 376 427 267 29 89 308 207 212 252 394 280 462 38 293 161 286 275 245 36 102 379 220 297 140 117 69 176 209 470 70 1 86 18 281 58 464 135 146 193 338 6 154 118 490 377 374 319 401 410 195 173 39 421 56 422 
	Cluster 0 SSE = 5359.08
Centroid 1 = M, 0.625, 0.505, 0.215, 1.4455, 0.496, 0.287, 0.435, 22
	Members of Cluster (1): 97 
	Cluster 1 SSE = 0
Centroid 2 = M, 0.675, 0.5225, 0.1925, 1.625, 0.50975, 0.325, 0.5825, 21
	Members of Cluster (2): 218 239 
	Cluster 2 SSE = 18.0054
Centroid 3 = F, 0.685, 0.525, 0.175, 1.71, 0.5415, 0.309, 0.58, 16
	Members of Cluster (1): 371 
	Cluster 3 SSE = 0
Total SSE (sum squared-distance of each row with its centroid) = 5377.09
Davies-Bouldin Index: 8.76729
--------------
Iteration 496
--------------
Merging clusters 0 and 1	Distance: 1.00633
There are 3 clusters
Cluster 0: 0 241 2 73 225 409 201 461 360 304 370 166 180 19 122 283 317 51 295 479 162 301 88 127 240 108 434 64 285 159 452 466 66 111 215 246 475 282 372 307 424 105 369 399 121 228 418 123 155 436 291 419 210 321 442 109 271 453 244 8 27 477 177 351 274 356 305 491 335 28 408 472 134 397 186 139 95 182 35 339 3 163 231 302 278 4 364 33 232 494 456 435 60 31 493 54 426 129 138 448 63 273 128 188 406 391 214 104 99 152 137 216 238 331 296 9 202 353 92 25 81 311 91 136 437 200 110 358 272 469 65 37 20 348 50 346 387 326 77 259 332 454 403 457 483 467 126 32 489 395 465 443 168 287 310 160 76 253 292 354 416 398 40 169 248 316 499 423 55 153 183 425 67 79 242 486 72 106 114 147 474 206 263 396 82 362 485 34 52 115 165 234 167 363 100 288 103 205 194 385 433 62 78 125 75 355 383 359 392 170 26 90 116 405 94 352 113 255 309 124 429 451 7 368 495 145 12 350 450 172 261 174 101 349 380 22 357 23 198 389 217 375 420 236 306 323 390 247 131 476 497 227 84 381 179 157 459 24 130 190 279 143 223 482 30 44 53 211 171 290 45 463 57 444 74 341 132 384 142 414 322 460 439 455 237 413 471 342 417 438 5 235 340 402 96 430 80 14 299 87 17 498 150 378 428 330 141 213 441 440 158 250 59 264 189 265 393 411 277 83 191 432 325 93 197 298 361 149 196 233 345 415 303 318 365 11 203 314 120 404 13 347 484 496 47 48 71 257 192 262 258 367 10 151 107 249 386 266 328 226 156 254 336 333 343 16 61 221 222 15 41 312 315 431 148 112 42 85 269 407 164 449 49 388 46 487 458 21 447 412 344 98 300 208 478 270 68 199 43 276 488 294 133 229 256 284 445 481 230 243 260 185 289 251 446 187 313 366 382 119 473 181 324 329 334 224 184 204 480 144 219 320 268 337 468 400 175 492 327 178 373 376 427 267 29 89 308 207 212 252 394 280 462 38 293 161 286 275 245 36 102 379 220 297 140 117 69 176 209 470 70 1 86 18 281 58 464 135 146 193 338 6 154 118 490 377 374 319 401 410 195 173 39 421 56 422 97 
Cluster 1: 218 239 
Cluster 2: 371 
Recomputing the centroids for each cluster...
Centroid 0 = M, 0.526429, 0.410272, 0.140765, 0.851109, 0.371724, 0.184743, 0.241461, 9.94165
	Members of Cluster (497): 0 241 2 73 225 409 201 461 360 304 370 166 180 19 122 283 317 51 295 479 162 301 88 127 240 108 434 64 285 159 452 466 66 111 215 246 475 282 372 307 424 105 369 399 121 228 418 123 155 436 291 419 210 321 442 109 271 453 244 8 27 477 177 351 274 356 305 491 335 28 408 472 134 397 186 139 95 182 35 339 3 163 231 302 278 4 364 33 232 494 456 435 60 31 493 54 426 129 138 448 63 273 128 188 406 391 214 104 99 152 137 216 238 331 296 9 202 353 92 25 81 311 91 136 437 200 110 358 272 469 65 37 20 348 50 346 387 326 77 259 332 454 403 457 483 467 126 32 489 395 465 443 168 287 310 160 76 253 292 354 416 398 40 169 248 316 499 423 55 153 183 425 67 79 242 486 72 106 114 147 474 206 263 396 82 362 485 34 52 115 165 234 167 363 100 288 103 205 194 385 433 62 78 125 75 355 383 359 392 170 26 90 116 405 94 352 113 255 309 124 429 451 7 368 495 145 12 350 450 172 261 174 101 349 380 22 357 23 198 389 217 375 420 236 306 323 390 247 131 476 497 227 84 381 179 157 459 24 130 190 279 143 223 482 30 44 53 211 171 290 45 463 57 444 74 341 132 384 142 414 322 460 439 455 237 413 471 342 417 438 5 235 340 402 96 430 80 14 299 87 17 498 150 378 428 330 141 213 441 440 158 250 59 264 189 265 393 411 277 83 191 432 325 93 197 298 361 149 196 233 345 415 303 318 365 11 203 314 120 404 13 347 484 496 47 48 71 257 192 262 258 367 10 151 107 249 386 266 328 226 156 254 336 333 343 16 61 221 222 15 41 312 315 431 148 112 42 85 269 407 164 449 49 388 46 487 458 21 447 412 344 98 300 208 478 270 68 199 43 276 488 294 133 229 256 284 445 481 230 243 260 185 289 251 446 187 313 366 382 119 473 181 324 329 334 224 184 204 480 144 219 320 268 337 468 400 175 492 327 178 373 376 427 267 29 89 308 207 212 252 394 280 462 38 293 161 286 275 245 36 102 379 220 297 140 117 69 176 209 470 70 1 86 18 281 58 464 135 146 193 338 6 154 118 490 377 374 319 401 410 195 173 39 421 56 422 97 
	Cluster 0 SSE = 5505.22
Centroid 1 = M, 0.675, 0.5225, 0.1925, 1.625, 0.50975, 0.325, 0.5825, 21
	Members of Cluster (2): 218 239 
	Cluster 1 SSE = 18.0054
Centroid 2 = F, 0.685, 0.525, 0.175, 1.71, 0.5415, 0.309, 0.58, 16
	Members of Cluster (1): 371 
	Cluster 2 SSE = 0
Total SSE (sum squared-distance of each row with its centroid) = 5523.23
Davies-Bouldin Index: 8.96687
--------------
Iteration 497
--------------
Merging clusters 0 and 2	Distance: 1.00793
There are 2 clusters
Cluster 0: 0 241 2 73 225 409 201 461 360 304 370 166 180 19 122 283 317 51 295 479 162 301 88 127 240 108 434 64 285 159 452 466 66 111 215 246 475 282 372 307 424 105 369 399 121 228 418 123 155 436 291 419 210 321 442 109 271 453 244 8 27 477 177 351 274 356 305 491 335 28 408 472 134 397 186 139 95 182 35 339 3 163 231 302 278 4 364 33 232 494 456 435 60 31 493 54 426 129 138 448 63 273 128 188 406 391 214 104 99 152 137 216 238 331 296 9 202 353 92 25 81 311 91 136 437 200 110 358 272 469 65 37 20 348 50 346 387 326 77 259 332 454 403 457 483 467 126 32 489 395 465 443 168 287 310 160 76 253 292 354 416 398 40 169 248 316 499 423 55 153 183 425 67 79 242 486 72 106 114 147 474 206 263 396 82 362 485 34 52 115 165 234 167 363 100 288 103 205 194 385 433 62 78 125 75 355 383 359 392 170 26 90 116 405 94 352 113 255 309 124 429 451 7 368 495 145 12 350 450 172 261 174 101 349 380 22 357 23 198 389 217 375 420 236 306 323 390 247 131 476 497 227 84 381 179 157 459 24 130 190 279 143 223 482 30 44 53 211 171 290 45 463 57 444 74 341 132 384 142 414 322 460 439 455 237 413 471 342 417 438 5 235 340 402 96 430 80 14 299 87 17 498 150 378 428 330 141 213 441 440 158 250 59 264 189 265 393 411 277 83 191 432 325 93 197 298 361 149 196 233 345 415 303 318 365 11 203 314 120 404 13 347 484 496 47 48 71 257 192 262 258 367 10 151 107 249 386 266 328 226 156 254 336 333 343 16 61 221 222 15 41 312 315 431 148 112 42 85 269 407 164 449 49 388 46 487 458 21 447 412 344 98 300 208 478 270 68 199 43 276 488 294 133 229 256 284 445 481 230 243 260 185 289 251 446 187 313 366 382 119 473 181 324 329 334 224 184 204 480 144 219 320 268 337 468 400 175 492 327 178 373 376 427 267 29 89 308 207 212 252 394 280 462 38 293 161 286 275 245 36 102 379 220 297 140 117 69 176 209 470 70 1 86 18 281 58 464 135 146 193 338 6 154 118 490 377 374 319 401 410 195 173 39 421 56 422 97 371 
Cluster 1: 218 239 
Recomputing the centroids for each cluster...
Centroid 0 = M, 0.526747, 0.410502, 0.140833, 0.852833, 0.372065, 0.184993, 0.242141, 9.95382
	Members of Cluster (498): 0 241 2 73 225 409 201 461 360 304 370 166 180 19 122 283 317 51 295 479 162 301 88 127 240 108 434 64 285 159 452 466 66 111 215 246 475 282 372 307 424 105 369 399 121 228 418 123 155 436 291 419 210 321 442 109 271 453 244 8 27 477 177 351 274 356 305 491 335 28 408 472 134 397 186 139 95 182 35 339 3 163 231 302 278 4 364 33 232 494 456 435 60 31 493 54 426 129 138 448 63 273 128 188 406 391 214 104 99 152 137 216 238 331 296 9 202 353 92 25 81 311 91 136 437 200 110 358 272 469 65 37 20 348 50 346 387 326 77 259 332 454 403 457 483 467 126 32 489 395 465 443 168 287 310 160 76 253 292 354 416 398 40 169 248 316 499 423 55 153 183 425 67 79 242 486 72 106 114 147 474 206 263 396 82 362 485 34 52 115 165 234 167 363 100 288 103 205 194 385 433 62 78 125 75 355 383 359 392 170 26 90 116 405 94 352 113 255 309 124 429 451 7 368 495 145 12 350 450 172 261 174 101 349 380 22 357 23 198 389 217 375 420 236 306 323 390 247 131 476 497 227 84 381 179 157 459 24 130 190 279 143 223 482 30 44 53 211 171 290 45 463 57 444 74 341 132 384 142 414 322 460 439 455 237 413 471 342 417 438 5 235 340 402 96 430 80 14 299 87 17 498 150 378 428 330 141 213 441 440 158 250 59 264 189 265 393 411 277 83 191 432 325 93 197 298 361 149 196 233 345 415 303 318 365 11 203 314 120 404 13 347 484 496 47 48 71 257 192 262 258 367 10 151 107 249 386 266 328 226 156 254 336 333 343 16 61 221 222 15 41 312 315 431 148 112 42 85 269 407 164 449 49 388 46 487 458 21 447 412 344 98 300 208 478 270 68 199 43 276 488 294 133 229 256 284 445 481 230 243 260 185 289 251 446 187 313 366 382 119 473 181 324 329 334 224 184 204 480 144 219 320 268 337 468 400 175 492 327 178 373 376 427 267 29 89 308 207 212 252 394 280 462 38 293 161 286 275 245 36 102 379 220 297 140 117 69 176 209 470 70 1 86 18 281 58 464 135 146 193 338 6 154 118 490 377 374 319 401 410 195 173 39 421 56 422 97 371 
	Cluster 0 SSE = 5543.79
Centroid 1 = M, 0.675, 0.5225, 0.1925, 1.625, 0.50975, 0.325, 0.5825, 21
	Members of Cluster (2): 218 239 
	Cluster 1 SSE = 18.0054
Total SSE (sum squared-distance of each row with its centroid) = 5561.79
Davies-Bouldin Index: 11.2621
