Dataset name: ../data/abalone500.arff
Number of instances (rows): 500
Number of attributes (cols): 9
Learning algorithm: clustering
Evaluation method: training
Running HAC...
There are 7 clusters
Cluster 0: 0 241 36 140 102 379 220 297 85 269 407 164 449 97 66 307 424 105 123 111 215 246 282 475 372 291 155 436 121 228 418 369 399 419 12 350 450 217 375 420 390 101 172 261 174 349 380 22 357 23 198 389 132 384 460 142 414 322 455 439 218 239 252 394 280 462 
Cluster 1: 1 86 18 281 58 464 83 191 432 325 93 197 149 196 298 361 133 481 229 256 284 445 260 199 230 243 319 401 181 324 329 334 224 184 204 480 38 293 161 286 2 73 225 409 201 360 461 304 370 166 180 46 487 458 39 421 56 268 337 468 5 235 340 402 430 80 96 189 119 473 245 233 345 415 303 318 48 71 257 192 262 258 367 21 447 412 344 98 300 208 478 270 68 289 
Cluster 2: 3 163 99 152 33 456 232 494 435 231 302 278 137 216 296 238 331 4 364 104 60 128 188 391 406 214 31 493 273 54 426 63 129 138 448 20 348 50 346 387 77 326 126 467 259 332 454 403 457 483 32 489 395 443 465 160 168 287 310 9 202 353 92 91 136 437 200 110 358 272 469 25 81 311 65 37 72 106 114 82 147 474 206 263 396 242 486 40 169 248 316 499 423 67 55 153 183 425 79 362 485 365 7 368 495 145 11 203 314 120 404 13 347 484 496 47 35 339 177 351 335 305 491 274 356 157 459 109 271 453 210 321 442 15 148 41 312 315 112 431 61 221 222 124 429 451 
Cluster 3: 6 154 173 374 195 8 27 477 95 186 28 408 472 139 134 397 182 24 130 463 143 223 482 74 341 30 44 53 211 190 279 290 45 57 444 171 29 207 89 308 212 69 117 176 175 492 327 178 373 376 427 267 
Cluster 4: 10 151 249 386 266 328 107 226 16 333 156 254 336 343 14 299 87 17 498 150 378 428 330 59 264 141 213 441 250 440 158 277 19 122 285 283 317 51 162 295 479 301 64 88 127 240 108 434 159 452 466 144 219 320 400 
Cluster 5: 26 90 116 405 94 352 113 255 309 34 359 383 170 52 115 165 234 167 363 62 78 125 75 355 392 100 288 103 205 385 194 433 76 253 416 292 354 398 135 146 193 118 490 377 338 187 313 366 382 410 
Cluster 6: 42 49 388 237 417 342 413 471 438 70 209 470 244 84 381 179 131 476 247 236 306 323 227 497 43 276 488 294 185 251 446 275 422 371 265 393 411 
Recomputing the centroids for each cluster...
Centroid 0 = M, 0.618636, 0.486439, 0.167424, 1.24448, 0.54725, 0.267674, 0.351098, 11.3333
	Members of Cluster (66): 0 241 36 140 102 379 220 297 85 269 407 164 449 97 66 307 424 105 123 111 215 246 282 475 372 291 155 436 121 228 418 369 399 419 12 350 450 217 375 420 390 101 172 261 174 349 380 22 357 23 198 389 132 384 460 142 414 322 455 439 218 239 252 394 280 462 
	Cluster 0 SSE = 539.518
Centroid 1 = F, 0.545372, 0.428989, 0.146543, 0.852564, 0.355229, 0.192787, 0.250729, 11.3936
	Members of Cluster (94): 1 86 18 281 58 464 83 191 432 325 93 197 149 196 298 361 133 481 229 256 284 445 260 199 230 243 319 401 181 324 329 334 224 184 204 480 38 293 161 286 2 73 225 409 201 360 461 304 370 166 180 46 487 458 39 421 56 268 337 468 5 235 340 402 430 80 96 189 119 473 245 233 345 415 303 318 48 71 257 192 262 258 367 21 447 412 344 98 300 208 478 270 68 289 
	Cluster 1 SSE = 1135.96
Centroid 2 = I, 0.387603, 0.292568, 0.0973288, 0.319634, 0.144586, 0.0693938, 0.0955103, 7.21918
	Members of Cluster (146): 3 163 99 152 33 456 232 494 435 231 302 278 137 216 296 238 331 4 364 104 60 128 188 391 406 214 31 493 273 54 426 63 129 138 448 20 348 50 346 387 77 326 126 467 259 332 454 403 457 483 32 489 395 443 465 160 168 287 310 9 202 353 92 91 136 437 200 110 358 272 469 25 81 311 65 37 72 106 114 82 147 474 206 263 396 242 486 40 169 248 316 499 423 67 55 153 183 425 79 362 485 365 7 368 495 145 11 203 314 120 404 13 347 484 496 47 35 339 177 351 335 305 491 274 356 157 459 109 271 453 210 321 442 15 148 41 312 315 112 431 61 221 222 124 429 451 
	Cluster 2 SSE = 654.597
Centroid 3 = M, 0.565385, 0.444519, 0.155192, 0.942731, 0.3935, 0.203462, 0.277798, 11.8654
	Members of Cluster (52): 6 154 173 374 195 8 27 477 95 186 28 408 472 139 134 397 182 24 130 463 143 223 482 74 341 30 44 53 211 190 279 290 45 57 444 171 29 207 89 308 212 69 117 176 175 492 327 178 373 376 427 267 
	Cluster 3 SSE = 744.52
Centroid 4 = F, 0.625545, 0.494364, 0.165727, 1.26044, 0.5545, 0.278055, 0.3442, 10.3818
	Members of Cluster (55): 10 151 249 386 266 328 107 226 16 333 156 254 336 343 14 299 87 17 498 150 378 428 330 59 264 141 213 441 250 440 158 277 19 122 285 283 317 51 162 295 479 301 64 88 127 240 108 434 159 452 466 144 219 320 400 
	Cluster 4 SSE = 108.385
Centroid 5 = I, 0.5145, 0.3977, 0.1353, 0.65264, 0.28535, 0.13613, 0.19771, 10.26
	Members of Cluster (50): 26 90 116 405 94 352 113 255 309 34 359 383 170 52 115 165 234 167 363 62 78 125 75 355 392 100 288 103 205 385 194 433 76 253 416 292 354 398 135 146 193 118 490 377 338 187 313 366 382 410 
	Cluster 5 SSE = 342.346
Centroid 6 = M, 0.687973, 0.544324, 0.203649, 1.83891, 0.823284, 0.383162, 0.481176, 11.4865
	Members of Cluster (37): 42 49 388 237 417 342 413 471 438 70 209 470 244 84 381 179 131 476 247 236 306 323 227 497 43 276 488 294 185 251 446 275 422 371 265 393 411 
	Cluster 6 SSE = 178.223
Total SSE (sum squared-distance of each row with its centroid) = 3703.54
Davies-Bouldin Index: 61.9658
--------------
Iteration 493
--------------
Merging clusters 0 and 3	Distance: 1.79188
There are 6 clusters
Cluster 0: 0 241 36 140 102 379 220 297 85 269 407 164 449 97 66 307 424 105 123 111 215 246 282 475 372 291 155 436 121 228 418 369 399 419 12 350 450 217 375 420 390 101 172 261 174 349 380 22 357 23 198 389 132 384 460 142 414 322 455 439 218 239 252 394 280 462 6 154 173 374 195 8 27 477 95 186 28 408 472 139 134 397 182 24 130 463 143 223 482 74 341 30 44 53 211 190 279 290 45 57 444 171 29 207 89 308 212 69 117 176 175 492 327 178 373 376 427 267 
Cluster 1: 1 86 18 281 58 464 83 191 432 325 93 197 149 196 298 361 133 481 229 256 284 445 260 199 230 243 319 401 181 324 329 334 224 184 204 480 38 293 161 286 2 73 225 409 201 360 461 304 370 166 180 46 487 458 39 421 56 268 337 468 5 235 340 402 430 80 96 189 119 473 245 233 345 415 303 318 48 71 257 192 262 258 367 21 447 412 344 98 300 208 478 270 68 289 
Cluster 2: 3 163 99 152 33 456 232 494 435 231 302 278 137 216 296 238 331 4 364 104 60 128 188 391 406 214 31 493 273 54 426 63 129 138 448 20 348 50 346 387 77 326 126 467 259 332 454 403 457 483 32 489 395 443 465 160 168 287 310 9 202 353 92 91 136 437 200 110 358 272 469 25 81 311 65 37 72 106 114 82 147 474 206 263 396 242 486 40 169 248 316 499 423 67 55 153 183 425 79 362 485 365 7 368 495 145 11 203 314 120 404 13 347 484 496 47 35 339 177 351 335 305 491 274 356 157 459 109 271 453 210 321 442 15 148 41 312 315 112 431 61 221 222 124 429 451 
Cluster 3: 10 151 249 386 266 328 107 226 16 333 156 254 336 343 14 299 87 17 498 150 378 428 330 59 264 141 213 441 250 440 158 277 19 122 285 283 317 51 162 295 479 301 64 88 127 240 108 434 159 452 466 144 219 320 400 
Cluster 4: 26 90 116 405 94 352 113 255 309 34 359 383 170 52 115 165 234 167 363 62 78 125 75 355 392 100 288 103 205 385 194 433 76 253 416 292 354 398 135 146 193 118 490 377 338 187 313 366 382 410 
Cluster 5: 42 49 388 237 417 342 413 471 438 70 209 470 244 84 381 179 131 476 247 236 306 323 227 497 43 276 488 294 185 251 446 275 422 371 265 393 411 
Recomputing the centroids for each cluster...
Centroid 0 = M, 0.595169, 0.467966, 0.162034, 1.11151, 0.479496, 0.239377, 0.318797, 11.5678
	Members of Cluster (118): 0 241 36 140 102 379 220 297 85 269 407 164 449 97 66 307 424 105 123 111 215 246 282 475 372 291 155 436 121 228 418 369 399 419 12 350 450 217 375 420 390 101 172 261 174 349 380 22 357 23 198 389 132 384 460 142 414 322 455 439 218 239 252 394 280 462 6 154 173 374 195 8 27 477 95 186 28 408 472 139 134 397 182 24 130 463 143 223 482 74 341 30 44 53 211 190 279 290 45 57 444 171 29 207 89 308 212 69 117 176 175 492 327 178 373 376 427 267 
	Cluster 0 SSE = 1296.02
Centroid 1 = F, 0.545372, 0.428989, 0.146543, 0.852564, 0.355229, 0.192787, 0.250729, 11.3936
	Members of Cluster (94): 1 86 18 281 58 464 83 191 432 325 93 197 149 196 298 361 133 481 229 256 284 445 260 199 230 243 319 401 181 324 329 334 224 184 204 480 38 293 161 286 2 73 225 409 201 360 461 304 370 166 180 46 487 458 39 421 56 268 337 468 5 235 340 402 430 80 96 189 119 473 245 233 345 415 303 318 48 71 257 192 262 258 367 21 447 412 344 98 300 208 478 270 68 289 
	Cluster 1 SSE = 1135.96
Centroid 2 = I, 0.387603, 0.292568, 0.0973288, 0.319634, 0.144586, 0.0693938, 0.0955103, 7.21918
	Members of Cluster (146): 3 163 99 152 33 456 232 494 435 231 302 278 137 216 296 238 331 4 364 104 60 128 188 391 406 214 31 493 273 54 426 63 129 138 448 20 348 50 346 387 77 326 126 467 259 332 454 403 457 483 32 489 395 443 465 160 168 287 310 9 202 353 92 91 136 437 200 110 358 272 469 25 81 311 65 37 72 106 114 82 147 474 206 263 396 242 486 40 169 248 316 499 423 67 55 153 183 425 79 362 485 365 7 368 495 145 11 203 314 120 404 13 347 484 496 47 35 339 177 351 335 305 491 274 356 157 459 109 271 453 210 321 442 15 148 41 312 315 112 431 61 221 222 124 429 451 
	Cluster 2 SSE = 654.597
Centroid 3 = F, 0.625545, 0.494364, 0.165727, 1.26044, 0.5545, 0.278055, 0.3442, 10.3818
	Members of Cluster (55): 10 151 249 386 266 328 107 226 16 333 156 254 336 343 14 299 87 17 498 150 378 428 330 59 264 141 213 441 250 440 158 277 19 122 285 283 317 51 162 295 479 301 64 88 127 240 108 434 159 452 466 144 219 320 400 
	Cluster 3 SSE = 108.385
Centroid 4 = I, 0.5145, 0.3977, 0.1353, 0.65264, 0.28535, 0.13613, 0.19771, 10.26
	Members of Cluster (50): 26 90 116 405 94 352 113 255 309 34 359 383 170 52 115 165 234 167 363 62 78 125 75 355 392 100 288 103 205 385 194 433 76 253 416 292 354 398 135 146 193 118 490 377 338 187 313 366 382 410 
	Cluster 4 SSE = 342.346
Centroid 5 = M, 0.687973, 0.544324, 0.203649, 1.83891, 0.823284, 0.383162, 0.481176, 11.4865
	Members of Cluster (37): 42 49 388 237 417 342 413 471 438 70 209 470 244 84 381 179 131 476 247 236 306 323 227 497 43 276 488 294 185 251 446 275 422 371 265 393 411 
	Cluster 5 SSE = 178.223
Total SSE (sum squared-distance of each row with its centroid) = 3715.53
Davies-Bouldin Index: 16.0444
--------------
Iteration 494
--------------
Merging clusters 2 and 4	Distance: 1.94744
There are 5 clusters
Cluster 0: 0 241 36 140 102 379 220 297 85 269 407 164 449 97 66 307 424 105 123 111 215 246 282 475 372 291 155 436 121 228 418 369 399 419 12 350 450 217 375 420 390 101 172 261 174 349 380 22 357 23 198 389 132 384 460 142 414 322 455 439 218 239 252 394 280 462 6 154 173 374 195 8 27 477 95 186 28 408 472 139 134 397 182 24 130 463 143 223 482 74 341 30 44 53 211 190 279 290 45 57 444 171 29 207 89 308 212 69 117 176 175 492 327 178 373 376 427 267 
Cluster 1: 1 86 18 281 58 464 83 191 432 325 93 197 149 196 298 361 133 481 229 256 284 445 260 199 230 243 319 401 181 324 329 334 224 184 204 480 38 293 161 286 2 73 225 409 201 360 461 304 370 166 180 46 487 458 39 421 56 268 337 468 5 235 340 402 430 80 96 189 119 473 245 233 345 415 303 318 48 71 257 192 262 258 367 21 447 412 344 98 300 208 478 270 68 289 
Cluster 2: 3 163 99 152 33 456 232 494 435 231 302 278 137 216 296 238 331 4 364 104 60 128 188 391 406 214 31 493 273 54 426 63 129 138 448 20 348 50 346 387 77 326 126 467 259 332 454 403 457 483 32 489 395 443 465 160 168 287 310 9 202 353 92 91 136 437 200 110 358 272 469 25 81 311 65 37 72 106 114 82 147 474 206 263 396 242 486 40 169 248 316 499 423 67 55 153 183 425 79 362 485 365 7 368 495 145 11 203 314 120 404 13 347 484 496 47 35 339 177 351 335 305 491 274 356 157 459 109 271 453 210 321 442 15 148 41 312 315 112 431 61 221 222 124 429 451 26 90 116 405 94 352 113 255 309 34 359 383 170 52 115 165 234 167 363 62 78 125 75 355 392 100 288 103 205 385 194 433 76 253 416 292 354 398 135 146 193 118 490 377 338 187 313 366 382 410 
Cluster 3: 10 151 249 386 266 328 107 226 16 333 156 254 336 343 14 299 87 17 498 150 378 428 330 59 264 141 213 441 250 440 158 277 19 122 285 283 317 51 162 295 479 301 64 88 127 240 108 434 159 452 466 144 219 320 400 
Cluster 4: 42 49 388 237 417 342 413 471 438 70 209 470 244 84 381 179 131 476 247 236 306 323 227 497 43 276 488 294 185 251 446 275 422 371 265 393 411 
Recomputing the centroids for each cluster...
Centroid 0 = M, 0.595169, 0.467966, 0.162034, 1.11151, 0.479496, 0.239377, 0.318797, 11.5678
	Members of Cluster (118): 0 241 36 140 102 379 220 297 85 269 407 164 449 97 66 307 424 105 123 111 215 246 282 475 372 291 155 436 121 228 418 369 399 419 12 350 450 217 375 420 390 101 172 261 174 349 380 22 357 23 198 389 132 384 460 142 414 322 455 439 218 239 252 394 280 462 6 154 173 374 195 8 27 477 95 186 28 408 472 139 134 397 182 24 130 463 143 223 482 74 341 30 44 53 211 190 279 290 45 57 444 171 29 207 89 308 212 69 117 176 175 492 327 178 373 376 427 267 
	Cluster 0 SSE = 1296.02
Centroid 1 = F, 0.545372, 0.428989, 0.146543, 0.852564, 0.355229, 0.192787, 0.250729, 11.3936
	Members of Cluster (94): 1 86 18 281 58 464 83 191 432 325 93 197 149 196 298 361 133 481 229 256 284 445 260 199 230 243 319 401 181 324 329 334 224 184 204 480 38 293 161 286 2 73 225 409 201 360 461 304 370 166 180 46 487 458 39 421 56 268 337 468 5 235 340 402 430 80 96 189 119 473 245 233 345 415 303 318 48 71 257 192 262 258 367 21 447 412 344 98 300 208 478 270 68 289 
	Cluster 1 SSE = 1135.96
Centroid 2 = I, 0.419974, 0.319388, 0.107015, 0.404584, 0.180495, 0.0864184, 0.121582, 7.9949
	Members of Cluster (196): 3 163 99 152 33 456 232 494 435 231 302 278 137 216 296 238 331 4 364 104 60 128 188 391 406 214 31 493 273 54 426 63 129 138 448 20 348 50 346 387 77 326 126 467 259 332 454 403 457 483 32 489 395 443 465 160 168 287 310 9 202 353 92 91 136 437 200 110 358 272 469 25 81 311 65 37 72 106 114 82 147 474 206 263 396 242 486 40 169 248 316 499 423 67 55 153 183 425 79 362 485 365 7 368 495 145 11 203 314 120 404 13 347 484 496 47 35 339 177 351 335 305 491 274 356 157 459 109 271 453 210 321 442 15 148 41 312 315 112 431 61 221 222 124 429 451 26 90 116 405 94 352 113 255 309 34 359 383 170 52 115 165 234 167 363 62 78 125 75 355 392 100 288 103 205 385 194 433 76 253 416 292 354 398 135 146 193 118 490 377 338 187 313 366 382 410 
	Cluster 2 SSE = 1347.82
Centroid 3 = F, 0.625545, 0.494364, 0.165727, 1.26044, 0.5545, 0.278055, 0.3442, 10.3818
	Members of Cluster (55): 10 151 249 386 266 328 107 226 16 333 156 254 336 343 14 299 87 17 498 150 378 428 330 59 264 141 213 441 250 440 158 277 19 122 285 283 317 51 162 295 479 301 64 88 127 240 108 434 159 452 466 144 219 320 400 
	Cluster 3 SSE = 108.385
Centroid 4 = M, 0.687973, 0.544324, 0.203649, 1.83891, 0.823284, 0.383162, 0.481176, 11.4865
	Members of Cluster (37): 42 49 388 237 417 342 413 471 438 70 209 470 244 84 381 179 131 476 247 236 306 323 227 497 43 276 488 294 185 251 446 275 422 371 265 393 411 
	Cluster 4 SSE = 178.223
Total SSE (sum squared-distance of each row with its centroid) = 4066.4
Davies-Bouldin Index: 17.0506
--------------
Iteration 495
--------------
Merging clusters 0 and 3	Distance: 2.09103
There are 4 clusters
Cluster 0: 0 241 36 140 102 379 220 297 85 269 407 164 449 97 66 307 424 105 123 111 215 246 282 475 372 291 155 436 121 228 418 369 399 419 12 350 450 217 375 420 390 101 172 261 174 349 380 22 357 23 198 389 132 384 460 142 414 322 455 439 218 239 252 394 280 462 6 154 173 374 195 8 27 477 95 186 28 408 472 139 134 397 182 24 130 463 143 223 482 74 341 30 44 53 211 190 279 290 45 57 444 171 29 207 89 308 212 69 117 176 175 492 327 178 373 376 427 267 10 151 249 386 266 328 107 226 16 333 156 254 336 343 14 299 87 17 498 150 378 428 330 59 264 141 213 441 250 440 158 277 19 122 285 283 317 51 162 295 479 301 64 88 127 240 108 434 159 452 466 144 219 320 400 
Cluster 1: 1 86 18 281 58 464 83 191 432 325 93 197 149 196 298 361 133 481 229 256 284 445 260 199 230 243 319 401 181 324 329 334 224 184 204 480 38 293 161 286 2 73 225 409 201 360 461 304 370 166 180 46 487 458 39 421 56 268 337 468 5 235 340 402 430 80 96 189 119 473 245 233 345 415 303 318 48 71 257 192 262 258 367 21 447 412 344 98 300 208 478 270 68 289 
Cluster 2: 3 163 99 152 33 456 232 494 435 231 302 278 137 216 296 238 331 4 364 104 60 128 188 391 406 214 31 493 273 54 426 63 129 138 448 20 348 50 346 387 77 326 126 467 259 332 454 403 457 483 32 489 395 443 465 160 168 287 310 9 202 353 92 91 136 437 200 110 358 272 469 25 81 311 65 37 72 106 114 82 147 474 206 263 396 242 486 40 169 248 316 499 423 67 55 153 183 425 79 362 485 365 7 368 495 145 11 203 314 120 404 13 347 484 496 47 35 339 177 351 335 305 491 274 356 157 459 109 271 453 210 321 442 15 148 41 312 315 112 431 61 221 222 124 429 451 26 90 116 405 94 352 113 255 309 34 359 383 170 52 115 165 234 167 363 62 78 125 75 355 392 100 288 103 205 385 194 433 76 253 416 292 354 398 135 146 193 118 490 377 338 187 313 366 382 410 
Cluster 3: 42 49 388 237 417 342 413 471 438 70 209 470 244 84 381 179 131 476 247 236 306 323 227 497 43 276 488 294 185 251 446 275 422 371 265 393 411 
Recomputing the centroids for each cluster...
Centroid 0 = M, 0.604827, 0.476358, 0.163208, 1.15886, 0.503341, 0.251673, 0.326873, 11.1908
	Members of Cluster (173): 0 241 36 140 102 379 220 297 85 269 407 164 449 97 66 307 424 105 123 111 215 246 282 475 372 291 155 436 121 228 418 369 399 419 12 350 450 217 375 420 390 101 172 261 174 349 380 22 357 23 198 389 132 384 460 142 414 322 455 439 218 239 252 394 280 462 6 154 173 374 195 8 27 477 95 186 28 408 472 139 134 397 182 24 130 463 143 223 482 74 341 30 44 53 211 190 279 290 45 57 444 171 29 207 89 308 212 69 117 176 175 492 327 178 373 376 427 267 10 151 249 386 266 328 107 226 16 333 156 254 336 343 14 299 87 17 498 150 378 428 330 59 264 141 213 441 250 440 158 277 19 122 285 283 317 51 162 295 479 301 64 88 127 240 108 434 159 452 466 144 219 320 400 
	Cluster 0 SSE = 1513.36
Centroid 1 = F, 0.545372, 0.428989, 0.146543, 0.852564, 0.355229, 0.192787, 0.250729, 11.3936
	Members of Cluster (94): 1 86 18 281 58 464 83 191 432 325 93 197 149 196 298 361 133 481 229 256 284 445 260 199 230 243 319 401 181 324 329 334 224 184 204 480 38 293 161 286 2 73 225 409 201 360 461 304 370 166 180 46 487 458 39 421 56 268 337 468 5 235 340 402 430 80 96 189 119 473 245 233 345 415 303 318 48 71 257 192 262 258 367 21 447 412 344 98 300 208 478 270 68 289 
	Cluster 1 SSE = 1135.96
Centroid 2 = I, 0.419974, 0.319388, 0.107015, 0.404584, 0.180495, 0.0864184, 0.121582, 7.9949
	Members of Cluster (196): 3 163 99 152 33 456 232 494 435 231 302 278 137 216 296 238 331 4 364 104 60 128 188 391 406 214 31 493 273 54 426 63 129 138 448 20 348 50 346 387 77 326 126 467 259 332 454 403 457 483 32 489 395 443 465 160 168 287 310 9 202 353 92 91 136 437 200 110 358 272 469 25 81 311 65 37 72 106 114 82 147 474 206 263 396 242 486 40 169 248 316 499 423 67 55 153 183 425 79 362 485 365 7 368 495 145 11 203 314 120 404 13 347 484 496 47 35 339 177 351 335 305 491 274 356 157 459 109 271 453 210 321 442 15 148 41 312 315 112 431 61 221 222 124 429 451 26 90 116 405 94 352 113 255 309 34 359 383 170 52 115 165 234 167 363 62 78 125 75 355 392 100 288 103 205 385 194 433 76 253 416 292 354 398 135 146 193 118 490 377 338 187 313 366 382 410 
	Cluster 2 SSE = 1347.82
Centroid 3 = M, 0.687973, 0.544324, 0.203649, 1.83891, 0.823284, 0.383162, 0.481176, 11.4865
	Members of Cluster (37): 42 49 388 237 417 342 413 471 438 70 209 470 244 84 381 179 131 476 247 236 306 323 227 497 43 276 488 294 185 251 446 275 422 371 265 393 411 
	Cluster 3 SSE = 178.223
Total SSE (sum squared-distance of each row with its centroid) = 4175.35
Davies-Bouldin Index: 17.631
--------------
Iteration 496
--------------
Merging clusters 1 and 2	Distance: 2.23362
There are 3 clusters
Cluster 0: 0 241 36 140 102 379 220 297 85 269 407 164 449 97 66 307 424 105 123 111 215 246 282 475 372 291 155 436 121 228 418 369 399 419 12 350 450 217 375 420 390 101 172 261 174 349 380 22 357 23 198 389 132 384 460 142 414 322 455 439 218 239 252 394 280 462 6 154 173 374 195 8 27 477 95 186 28 408 472 139 134 397 182 24 130 463 143 223 482 74 341 30 44 53 211 190 279 290 45 57 444 171 29 207 89 308 212 69 117 176 175 492 327 178 373 376 427 267 10 151 249 386 266 328 107 226 16 333 156 254 336 343 14 299 87 17 498 150 378 428 330 59 264 141 213 441 250 440 158 277 19 122 285 283 317 51 162 295 479 301 64 88 127 240 108 434 159 452 466 144 219 320 400 
Cluster 1: 1 86 18 281 58 464 83 191 432 325 93 197 149 196 298 361 133 481 229 256 284 445 260 199 230 243 319 401 181 324 329 334 224 184 204 480 38 293 161 286 2 73 225 409 201 360 461 304 370 166 180 46 487 458 39 421 56 268 337 468 5 235 340 402 430 80 96 189 119 473 245 233 345 415 303 318 48 71 257 192 262 258 367 21 447 412 344 98 300 208 478 270 68 289 3 163 99 152 33 456 232 494 435 231 302 278 137 216 296 238 331 4 364 104 60 128 188 391 406 214 31 493 273 54 426 63 129 138 448 20 348 50 346 387 77 326 126 467 259 332 454 403 457 483 32 489 395 443 465 160 168 287 310 9 202 353 92 91 136 437 200 110 358 272 469 25 81 311 65 37 72 106 114 82 147 474 206 263 396 242 486 40 169 248 316 499 423 67 55 153 183 425 79 362 485 365 7 368 495 145 11 203 314 120 404 13 347 484 496 47 35 339 177 351 335 305 491 274 356 157 459 109 271 453 210 321 442 15 148 41 312 315 112 431 61 221 222 124 429 451 26 90 116 405 94 352 113 255 309 34 359 383 170 52 115 165 234 167 363 62 78 125 75 355 392 100 288 103 205 385 194 433 76 253 416 292 354 398 135 146 193 118 490 377 338 187 313 366 382 410 
Cluster 2: 42 49 388 237 417 342 413 471 438 70 209 470 244 84 381 179 131 476 247 236 306 323 227 497 43 276 488 294 185 251 446 275 422 371 265 393 411 
Recomputing the centroids for each cluster...
Centroid 0 = M, 0.604827, 0.476358, 0.163208, 1.15886, 0.503341, 0.251673, 0.326873, 11.1908
	Members of Cluster (173): 0 241 36 140 102 379 220 297 85 269 407 164 449 97 66 307 424 105 123 111 215 246 282 475 372 291 155 436 121 228 418 369 399 419 12 350 450 217 375 420 390 101 172 261 174 349 380 22 357 23 198 389 132 384 460 142 414 322 455 439 218 239 252 394 280 462 6 154 173 374 195 8 27 477 95 186 28 408 472 139 134 397 182 24 130 463 143 223 482 74 341 30 44 53 211 190 279 290 45 57 444 171 29 207 89 308 212 69 117 176 175 492 327 178 373 376 427 267 10 151 249 386 266 328 107 226 16 333 156 254 336 343 14 299 87 17 498 150 378 428 330 59 264 141 213 441 250 440 158 277 19 122 285 283 317 51 162 295 479 301 64 88 127 240 108 434 159 452 466 144 219 320 400 
	Cluster 0 SSE = 1513.36
Centroid 1 = I, 0.460621, 0.354914, 0.119828, 0.549791, 0.237133, 0.120897, 0.163443, 9.09655
	Members of Cluster (290): 1 86 18 281 58 464 83 191 432 325 93 197 149 196 298 361 133 481 229 256 284 445 260 199 230 243 319 401 181 324 329 334 224 184 204 480 38 293 161 286 2 73 225 409 201 360 461 304 370 166 180 46 487 458 39 421 56 268 337 468 5 235 340 402 430 80 96 189 119 473 245 233 345 415 303 318 48 71 257 192 262 258 367 21 447 412 344 98 300 208 478 270 68 289 3 163 99 152 33 456 232 494 435 231 302 278 137 216 296 238 331 4 364 104 60 128 188 391 406 214 31 493 273 54 426 63 129 138 448 20 348 50 346 387 77 326 126 467 259 332 454 403 457 483 32 489 395 443 465 160 168 287 310 9 202 353 92 91 136 437 200 110 358 272 469 25 81 311 65 37 72 106 114 82 147 474 206 263 396 242 486 40 169 248 316 499 423 67 55 153 183 425 79 362 485 365 7 368 495 145 11 203 314 120 404 13 347 484 496 47 35 339 177 351 335 305 491 274 356 157 459 109 271 453 210 321 442 15 148 41 312 315 112 431 61 221 222 124 429 451 26 90 116 405 94 352 113 255 309 34 359 383 170 52 115 165 234 167 363 62 78 125 75 355 392 100 288 103 205 385 194 433 76 253 416 292 354 398 135 146 193 118 490 377 338 187 313 366 382 410 
	Cluster 1 SSE = 3329.97
Centroid 2 = M, 0.687973, 0.544324, 0.203649, 1.83891, 0.823284, 0.383162, 0.481176, 11.4865
	Members of Cluster (37): 42 49 388 237 417 342 413 471 438 70 209 470 244 84 381 179 131 476 247 236 306 323 227 497 43 276 488 294 185 251 446 275 422 371 265 393 411 
	Cluster 2 SSE = 178.223
Total SSE (sum squared-distance of each row with its centroid) = 5021.55
Davies-Bouldin Index: 17.2795
--------------
Iteration 497
--------------
Merging clusters 0 and 2	Distance: 2.55626
There are 2 clusters
Cluster 0: 0 241 36 140 102 379 220 297 85 269 407 164 449 97 66 307 424 105 123 111 215 246 282 475 372 291 155 436 121 228 418 369 399 419 12 350 450 217 375 420 390 101 172 261 174 349 380 22 357 23 198 389 132 384 460 142 414 322 455 439 218 239 252 394 280 462 6 154 173 374 195 8 27 477 95 186 28 408 472 139 134 397 182 24 130 463 143 223 482 74 341 30 44 53 211 190 279 290 45 57 444 171 29 207 89 308 212 69 117 176 175 492 327 178 373 376 427 267 10 151 249 386 266 328 107 226 16 333 156 254 336 343 14 299 87 17 498 150 378 428 330 59 264 141 213 441 250 440 158 277 19 122 285 283 317 51 162 295 479 301 64 88 127 240 108 434 159 452 466 144 219 320 400 42 49 388 237 417 342 413 471 438 70 209 470 244 84 381 179 131 476 247 236 306 323 227 497 43 276 488 294 185 251 446 275 422 371 265 393 411 
Cluster 1: 1 86 18 281 58 464 83 191 432 325 93 197 149 196 298 361 133 481 229 256 284 445 260 199 230 243 319 401 181 324 329 334 224 184 204 480 38 293 161 286 2 73 225 409 201 360 461 304 370 166 180 46 487 458 39 421 56 268 337 468 5 235 340 402 430 80 96 189 119 473 245 233 345 415 303 318 48 71 257 192 262 258 367 21 447 412 344 98 300 208 478 270 68 289 3 163 99 152 33 456 232 494 435 231 302 278 137 216 296 238 331 4 364 104 60 128 188 391 406 214 31 493 273 54 426 63 129 138 448 20 348 50 346 387 77 326 126 467 259 332 454 403 457 483 32 489 395 443 465 160 168 287 310 9 202 353 92 91 136 437 200 110 358 272 469 25 81 311 65 37 72 106 114 82 147 474 206 263 396 242 486 40 169 248 316 499 423 67 55 153 183 425 79 362 485 365 7 368 495 145 11 203 314 120 404 13 347 484 496 47 35 339 177 351 335 305 491 274 356 157 459 109 271 453 210 321 442 15 148 41 312 315 112 431 61 221 222 124 429 451 26 90 116 405 94 352 113 255 309 34 359 383 170 52 115 165 234 167 363 62 78 125 75 355 392 100 288 103 205 385 194 433 76 253 416 292 354 398 135 146 193 118 490 377 338 187 313 366 382 410 
Recomputing the centroids for each cluster...
Centroid 0 = M, 0.619476, 0.488333, 0.170333, 1.27867, 0.559712, 0.27484, 0.35406, 11.2429
	Members of Cluster (210): 0 241 36 140 102 379 220 297 85 269 407 164 449 97 66 307 424 105 123 111 215 246 282 475 372 291 155 436 121 228 418 369 399 419 12 350 450 217 375 420 390 101 172 261 174 349 380 22 357 23 198 389 132 384 460 142 414 322 455 439 218 239 252 394 280 462 6 154 173 374 195 8 27 477 95 186 28 408 472 139 134 397 182 24 130 463 143 223 482 74 341 30 44 53 211 190 279 290 45 57 444 171 29 207 89 308 212 69 117 176 175 492 327 178 373 376 427 267 10 151 249 386 266 328 107 226 16 333 156 254 336 343 14 299 87 17 498 150 378 428 330 59 264 141 213 441 250 440 158 277 19 122 285 283 317 51 162 295 479 301 64 88 127 240 108 434 159 452 466 144 219 320 400 42 49 388 237 417 342 413 471 438 70 209 470 244 84 381 179 131 476 247 236 306 323 227 497 43 276 488 294 185 251 446 275 422 371 265 393 411 
	Cluster 0 SSE = 1713.12
Centroid 1 = I, 0.460621, 0.354914, 0.119828, 0.549791, 0.237133, 0.120897, 0.163443, 9.09655
	Members of Cluster (290): 1 86 18 281 58 464 83 191 432 325 93 197 149 196 298 361 133 481 229 256 284 445 260 199 230 243 319 401 181 324 329 334 224 184 204 480 38 293 161 286 2 73 225 409 201 360 461 304 370 166 180 46 487 458 39 421 56 268 337 468 5 235 340 402 430 80 96 189 119 473 245 233 345 415 303 318 48 71 257 192 262 258 367 21 447 412 344 98 300 208 478 270 68 289 3 163 99 152 33 456 232 494 435 231 302 278 137 216 296 238 331 4 364 104 60 128 188 391 406 214 31 493 273 54 426 63 129 138 448 20 348 50 346 387 77 326 126 467 259 332 454 403 457 483 32 489 395 443 465 160 168 287 310 9 202 353 92 91 136 437 200 110 358 272 469 25 81 311 65 37 72 106 114 82 147 474 206 263 396 242 486 40 169 248 316 499 423 67 55 153 183 425 79 362 485 365 7 368 495 145 11 203 314 120 404 13 347 484 496 47 35 339 177 351 335 305 491 274 356 157 459 109 271 453 210 321 442 15 148 41 312 315 112 431 61 221 222 124 429 451 26 90 116 405 94 352 113 255 309 34 359 383 170 52 115 165 234 167 363 62 78 125 75 355 392 100 288 103 205 385 194 433 76 253 416 292 354 398 135 146 193 118 490 377 338 187 313 366 382 410 
	Cluster 1 SSE = 3329.97
Total SSE (sum squared-distance of each row with its centroid) = 5043.09
Davies-Bouldin Index: 7.16553
