Dataset name: ../data/abalone500.arff
Number of instances (rows): 500
Number of attributes (cols): 9
Learning algorithm: clustering
Evaluation method: training
Running k-means...
Centroid 0 = F, 0.55, 0.45, 0.145, 0.741, 0.295, 0.1435, 0.2665, 10
Centroid 1 = I, 0.545, 0.405, 0.135, 0.5945, 0.27, 0.1185, 0.185, 8
Centroid 2 = I, 0.385, 0.29, 0.09, 0.2365, 0.1, 0.0505, 0.076, 8
Centroid 3 = M, 0.645, 0.51, 0.165, 1.403, 0.5755, 0.2515, 0.4545, 11
Centroid 4 = I, 0.505, 0.395, 0.105, 0.551, 0.248, 0.103, 0.171, 8
------------------------------------------------------------
Assigning each row to the cluster of the nearest centroid...
------------------------------------------------------------
There are 5 clusters
Recomputing the centroids for each cluster...
Centroid 0 = F, 0.56594, 0.447349, 0.151644, 0.96447, 0.40997, 0.212987, 0.275721, 10.9933
	Members of Cluster (149): 1 2 5 10 14 17 18 19 21 24 38 39 46 48 51 56 58 59 61 64 68 71 73 74 80 83 86 87 88 93 94 96 98 107 108 113 119 122 127 130 141 143 144 149 150 151 156 158 159 161 162 166 180 181 184 189 190 191 192 196 197 201 204 208 213 219 221 222 223 224 225 226 235 240 245 249 250 254 257 258 262 264 265 266 268 270 277 279 281 283 285 286 289 290 293 295 298 299 300 301 304 317 319 320 324 325 328 329 330 334 336 337 340 341 343 344 352 360 361 365 367 370 378 386 393 401 402 409 412 421 428 430 432 434 440 441 447 458 461 463 464 468 473 478 479 480 482 487 498 
	Cluster 0 SSE = 1297.33
Centroid 1 = I, 0.554667, 0.430889, 0.147889, 0.794556, 0.351544, 0.171522, 0.229356, 9.71111
	Members of Cluster (45): 26 27 28 34 52 76 95 115 118 134 135 137 139 146 165 167 170 186 187 193 216 234 238 253 292 296 303 313 318 338 354 359 363 377 382 383 397 398 408 410 416 467 472 477 490 
	Cluster 1 SSE = 424.732
Centroid 2 = I, 0.335101, 0.249899, 0.084596, 0.201212, 0.0904596, 0.0440909, 0.0617172, 6.70707
	Members of Cluster (99): 4 7 11 25 31 32 33 35 37 40 54 55 60 62 63 65 67 72 75 78 79 81 82 91 92 104 106 109 110 112 114 120 125 128 129 136 138 147 153 157 160 168 169 183 188 200 203 206 214 232 233 242 248 255 263 271 272 273 287 309 310 311 314 316 339 353 355 356 358 362 364 368 391 392 395 396 404 406 423 425 426 429 435 437 443 448 453 456 465 469 474 483 485 486 489 493 494 495 499 
	Cluster 2 SSE = 334.173
Centroid 3 = M, 0.620095, 0.486835, 0.171234, 1.29506, 0.568459, 0.2775, 0.360741, 11.6962
	Members of Cluster (158): 0 6 8 12 15 16 22 23 29 30 36 41 42 43 44 45 49 53 57 66 69 70 84 85 89 97 101 102 105 111 117 121 123 131 132 133 140 142 145 148 154 155 164 171 172 173 174 175 178 179 182 185 195 198 199 207 209 211 212 215 217 218 220 227 228 229 230 236 237 239 241 243 244 246 247 251 252 256 260 261 267 269 275 276 280 282 284 291 294 297 306 307 308 312 315 321 322 323 327 333 342 347 349 350 357 369 371 372 373 374 375 376 379 380 381 384 388 389 390 394 399 400 407 411 413 414 417 418 419 420 422 424 427 436 438 439 442 444 445 446 449 450 452 455 459 460 462 466 470 471 475 476 481 484 488 492 496 497 
	Cluster 3 SSE = 1471.73
Centroid 4 = I, 0.474184, 0.362653, 0.119184, 0.489, 0.216959, 0.104347, 0.147765, 8.40816
	Members of Cluster (49): 3 9 13 20 47 50 77 90 99 100 103 116 124 126 152 163 176 177 194 202 205 210 231 259 274 278 288 302 305 326 331 332 335 345 346 348 351 366 385 387 403 405 415 431 433 451 454 457 491 
	Cluster 4 SSE = 125.132
Total SSE (sum squared-distance of each row with its centroid) = 3653.1
Davies-Bouldin Index: 9.33959
------------------------------------------------------------
Assigning each row to the cluster of the nearest centroid...
------------------------------------------------------------
There are 5 clusters
Recomputing the centroids for each cluster...
Centroid 0 = F, 0.578912, 0.457823, 0.155782, 1.04645, 0.443905, 0.230639, 0.300071, 11.3061
	Members of Cluster (147): 1 5 10 14 16 17 18 19 21 24 30 38 39 44 46 48 51 56 58 59 61 64 68 71 74 80 83 86 87 88 93 96 98 107 108 119 122 127 130 141 143 144 149 150 151 156 158 159 161 162 181 184 189 190 191 192 196 197 199 204 208 211 213 219 221 222 223 224 226 235 240 249 250 254 257 258 262 264 265 266 268 270 275 277 279 281 283 285 286 289 290 293 295 298 299 300 301 317 319 320 324 325 328 329 330 333 334 336 337 340 341 343 344 361 365 367 371 378 386 393 400 401 402 411 412 421 422 428 430 432 434 440 441 447 452 458 463 464 466 468 473 478 479 480 482 487 498 
	Cluster 0 SSE = 1377.66
Centroid 1 = I, 0.516462, 0.401231, 0.135462, 0.684792, 0.305869, 0.144877, 0.200577, 9.87692
	Members of Cluster (65): 2 34 52 62 66 73 75 78 94 100 103 109 111 113 115 118 125 135 137 146 165 166 167 170 180 187 193 194 201 205 210 215 216 225 234 246 271 282 288 291 304 313 321 338 352 355 359 360 363 370 372 377 382 383 385 392 409 410 433 436 442 453 461 475 490 
	Cluster 1 SSE = 391.302
Centroid 2 = I, 0.32375, 0.240347, 0.0807639, 0.190771, 0.0913056, 0.0402778, 0.0563125, 5.97222
	Members of Cluster (72): 7 9 11 25 31 37 40 54 55 60 63 65 67 72 79 81 82 91 92 104 106 110 112 114 120 128 129 136 138 145 147 153 169 183 188 200 202 203 206 214 242 245 248 255 263 272 273 309 311 314 316 353 358 362 364 368 391 396 404 406 423 425 426 437 448 469 474 485 486 493 495 499 
	Cluster 2 SSE = 173.392
Centroid 3 = M, 0.615857, 0.483964, 0.170786, 1.27647, 0.558936, 0.2738, 0.354082, 11.7643
	Members of Cluster (140): 0 6 8 12 13 15 22 23 29 36 41 42 43 45 49 53 57 69 70 84 85 89 97 101 102 105 117 121 123 131 132 133 134 140 142 148 154 155 157 164 171 172 173 174 175 176 178 179 182 185 195 198 207 209 212 217 218 220 227 228 229 230 236 237 239 241 243 244 247 251 252 256 260 261 267 269 276 280 284 294 297 306 307 308 312 315 322 323 327 342 347 349 350 357 369 373 374 375 376 379 380 381 384 388 389 390 394 397 399 407 408 413 414 417 418 419 420 424 427 438 439 444 445 446 449 450 455 459 460 462 470 471 472 476 481 484 488 492 496 497 
	Cluster 3 SSE = 1280.26
Centroid 4 = I, 0.466711, 0.355724, 0.119605, 0.489224, 0.215099, 0.108204, 0.144434, 8.13158
	Members of Cluster (76): 3 4 20 26 27 28 32 33 35 47 50 76 77 90 95 99 116 124 126 139 152 160 163 168 177 186 231 232 233 238 253 259 274 278 287 292 296 302 303 305 310 318 326 331 332 335 339 345 346 348 351 354 356 366 387 395 398 403 405 415 416 429 431 435 443 451 454 456 457 465 467 477 483 489 491 494 
	Cluster 4 SSE = 130.681
Total SSE (sum squared-distance of each row with its centroid) = 3353.3
Davies-Bouldin Index: 11.0483
------------------------------------------------------------
Assigning each row to the cluster of the nearest centroid...
------------------------------------------------------------
There are 5 clusters
Recomputing the centroids for each cluster...
Centroid 0 = F, 0.589367, 0.464633, 0.1585, 1.09998, 0.469463, 0.242287, 0.311453, 11.4
	Members of Cluster (150): 1 5 10 14 16 17 18 19 21 38 39 43 46 48 51 56 58 59 61 64 68 71 80 83 86 87 88 93 96 98 107 108 119 122 127 133 141 144 149 150 151 156 158 159 161 162 181 184 185 189 191 192 196 197 199 204 208 213 219 221 222 224 226 229 230 235 240 243 245 249 250 251 254 256 257 258 260 262 264 265 266 268 270 275 276 277 281 283 284 285 286 289 293 294 295 298 299 300 301 317 319 320 324 325 328 329 330 333 334 336 337 340 343 344 361 367 371 378 382 386 393 400 401 402 411 412 421 422 428 430 432 434 440 441 445 446 447 452 458 464 466 468 473 478 479 480 481 487 488 498 
	Cluster 0 SSE = 1332.14
Centroid 1 = I, 0.510625, 0.396719, 0.133984, 0.663016, 0.294711, 0.141328, 0.194484, 9.8125
	Members of Cluster (64): 2 26 34 52 62 73 75 78 94 100 103 109 111 113 115 118 125 135 137 146 165 166 167 170 180 187 193 194 201 205 210 216 225 234 238 271 282 288 291 296 304 313 321 338 352 355 359 360 363 370 372 377 383 385 392 409 410 433 436 442 453 461 475 490 
	Cluster 1 SSE = 400.46
Centroid 2 = I, 0.31197, 0.230985, 0.0777273, 0.164409, 0.0784697, 0.0350379, 0.0502879, 5.93939
	Members of Cluster (66): 7 11 25 31 37 40 54 55 60 63 65 67 72 79 81 82 91 104 106 110 112 114 120 128 129 136 138 147 153 169 183 188 200 203 206 214 242 248 255 263 272 273 309 311 314 316 358 362 365 368 391 396 404 406 423 425 426 437 448 469 474 485 486 493 495 499 
	Cluster 2 SSE = 171.276
Centroid 3 = M, 0.603379, 0.474793, 0.167207, 1.20084, 0.526024, 0.256955, 0.336069, 11.5241
	Members of Cluster (145): 0 6 8 12 13 15 22 23 24 29 30 36 41 42 44 45 47 49 53 57 66 69 70 74 84 85 89 97 101 102 105 117 121 123 130 131 132 134 139 140 142 143 145 148 154 155 157 164 171 172 173 174 175 176 178 179 182 190 195 198 207 209 211 212 215 217 218 220 223 227 228 236 237 239 241 244 246 247 252 261 267 269 279 280 290 297 306 307 308 312 315 322 323 327 341 342 347 349 350 357 369 373 374 375 376 379 380 381 384 388 389 390 394 397 399 407 408 413 414 417 418 419 420 424 427 431 438 439 444 449 450 455 459 460 462 463 470 471 472 476 482 484 492 496 497 
	Cluster 3 SSE = 1386.03
Centroid 4 = I, 0.460067, 0.350667, 0.117267, 0.474093, 0.20766, 0.104233, 0.140493, 7.97333
	Members of Cluster (75): 3 4 9 20 27 28 32 33 35 50 76 77 90 92 95 99 116 124 126 152 160 163 168 177 186 202 231 232 233 253 259 274 278 287 292 302 303 305 310 318 326 331 332 335 339 345 346 348 351 353 354 356 364 366 387 395 398 403 405 415 416 429 435 443 451 454 456 457 465 467 477 483 489 491 494 
	Cluster 4 SSE = 122.7
Total SSE (sum squared-distance of each row with its centroid) = 3412.6
Davies-Bouldin Index: 11.5365
------------------------------------------------------------
Assigning each row to the cluster of the nearest centroid...
------------------------------------------------------------
There are 5 clusters
Recomputing the centroids for each cluster...
Centroid 0 = F, 0.591242, 0.465772, 0.159228, 1.10528, 0.470913, 0.243678, 0.313389, 11.4631
	Members of Cluster (149): 1 5 10 14 16 17 18 19 21 38 39 43 46 48 51 56 58 59 61 64 68 80 83 86 87 88 93 96 98 107 108 119 122 127 133 141 144 149 150 151 156 158 159 161 162 181 184 185 189 191 196 197 199 204 208 213 219 221 222 224 226 229 230 233 235 240 243 245 249 250 251 254 256 260 264 265 266 268 270 275 276 277 281 283 284 285 286 289 293 294 295 298 299 300 301 303 317 318 319 320 324 325 328 329 330 333 334 336 337 340 343 344 345 361 371 378 382 386 393 400 401 402 411 412 415 421 422 428 430 432 434 440 441 445 446 447 452 458 464 466 468 473 478 479 480 481 487 488 498 
	Cluster 0 SSE = 1272.32
Centroid 1 = I, 0.512891, 0.397813, 0.134141, 0.654594, 0.287547, 0.138227, 0.196664, 9.8125
	Members of Cluster (64): 2 26 34 52 62 73 75 76 78 94 100 103 109 113 115 118 125 126 135 146 165 166 167 170 180 187 193 194 201 205 210 225 234 253 271 288 291 292 304 313 321 338 352 354 355 359 360 363 370 372 377 383 385 392 398 409 410 416 433 442 453 461 467 490 
	Cluster 1 SSE = 388.147
Centroid 2 = I, 0.298545, 0.220273, 0.0729091, 0.143027, 0.0691909, 0.0304909, 0.0447091, 5.90909
	Members of Cluster (55): 7 25 32 35 37 40 55 65 67 72 79 81 82 91 106 110 112 114 136 147 153 168 169 183 200 206 242 248 255 263 272 287 309 310 311 316 339 358 362 365 368 395 396 423 425 437 443 465 469 474 485 486 489 495 499 
	Cluster 2 SSE = 186.764
Centroid 3 = M, 0.597212, 0.469776, 0.165545, 1.16931, 0.512196, 0.250753, 0.327558, 11.3333
	Members of Cluster (156): 0 6 8 12 15 22 23 24 27 28 29 30 36 41 42 44 45 49 53 57 66 69 70 74 84 85 89 95 97 101 102 105 111 117 121 123 130 131 132 134 139 140 142 143 145 148 154 155 157 164 171 172 173 174 175 176 177 178 179 182 186 190 195 198 207 209 211 212 215 217 218 220 223 227 228 236 237 239 241 244 246 247 252 261 267 269 274 279 280 282 290 297 305 306 307 308 312 315 322 323 327 335 341 342 349 350 351 356 357 369 373 374 375 376 379 380 381 384 388 389 390 394 397 399 407 408 413 414 417 418 419 420 424 427 431 436 438 439 444 449 450 455 459 460 462 463 470 471 472 475 476 477 482 491 492 497 
	Cluster 3 SSE = 1456.13
Centroid 4 = I, 0.436382, 0.331776, 0.110197, 0.409224, 0.184618, 0.0898355, 0.117257, 7.5
	Members of Cluster (76): 3 4 9 11 13 20 31 33 47 50 54 60 63 71 77 90 92 99 104 116 120 124 128 129 137 138 152 160 163 188 192 202 203 214 216 231 232 238 257 258 259 262 273 278 296 302 314 326 331 332 346 347 348 353 364 366 367 387 391 403 404 405 406 426 429 435 448 451 454 456 457 483 484 493 494 496 
	Cluster 4 SSE = 135.567
Total SSE (sum squared-distance of each row with its centroid) = 3438.92
Davies-Bouldin Index: 11.3127
------------------------------------------------------------
Assigning each row to the cluster of the nearest centroid...
------------------------------------------------------------
There are 5 clusters
Recomputing the centroids for each cluster...
Centroid 0 = F, 0.591242, 0.465772, 0.159228, 1.10528, 0.470913, 0.243678, 0.313389, 11.4631
	Members of Cluster (149): 1 5 10 14 16 17 18 19 21 38 39 43 46 48 51 56 58 59 61 64 68 80 83 86 87 88 93 96 98 107 108 119 122 127 133 141 144 149 150 151 156 158 159 161 162 181 184 185 189 191 196 197 199 204 208 213 219 221 222 224 226 229 230 233 235 240 243 245 249 250 251 254 256 260 264 265 266 268 270 275 276 277 281 283 284 285 286 289 293 294 295 298 299 300 301 303 317 318 319 320 324 325 328 329 330 333 334 336 337 340 343 344 345 361 371 378 382 386 393 400 401 402 411 412 415 421 422 428 430 432 434 440 441 445 446 447 452 458 464 466 468 473 478 479 480 481 487 488 498 
	Cluster 0 SSE = 1272.32
Centroid 1 = I, 0.510625, 0.395556, 0.132639, 0.642049, 0.281833, 0.135764, 0.193292, 9.73611
	Members of Cluster (72): 2 26 34 50 52 62 73 75 76 77 78 90 94 100 103 109 113 115 118 125 126 135 146 165 166 167 170 180 187 193 194 201 205 210 225 234 253 271 288 291 292 304 313 321 326 338 346 352 354 355 359 360 363 366 370 372 377 383 385 387 392 398 409 410 416 433 442 451 453 461 467 490 
	Cluster 1 SSE = 410.527
Centroid 2 = I, 0.290784, 0.214118, 0.0702941, 0.131569, 0.0642549, 0.0282843, 0.0412941, 5.70588
	Members of Cluster (51): 7 25 32 35 37 40 55 65 67 72 79 81 82 91 106 110 114 136 147 153 168 169 183 200 206 242 248 255 263 287 310 311 316 339 358 362 365 368 395 396 423 425 437 443 465 474 485 486 489 495 499 
	Cluster 2 SSE = 129.606
Centroid 3 = M, 0.597212, 0.469776, 0.165545, 1.16931, 0.512196, 0.250753, 0.327558, 11.3333
	Members of Cluster (156): 0 6 8 12 15 22 23 24 27 28 29 30 36 41 42 44 45 49 53 57 66 69 70 74 84 85 89 95 97 101 102 105 111 117 121 123 130 131 132 134 139 140 142 143 145 148 154 155 157 164 171 172 173 174 175 176 177 178 179 182 186 190 195 198 207 209 211 212 215 217 218 220 223 227 228 236 237 239 241 244 246 247 252 261 267 269 274 279 280 282 290 297 305 306 307 308 312 315 322 323 327 335 341 342 349 350 351 356 357 369 373 374 375 376 379 380 381 384 388 389 390 394 397 399 407 408 413 414 417 418 419 420 424 427 431 436 438 439 444 449 450 455 459 460 462 463 470 471 472 475 476 477 482 491 492 497 
	Cluster 3 SSE = 1456.13
Centroid 4 = I, 0.427986, 0.324861, 0.108819, 0.387833, 0.175979, 0.0851875, 0.110194, 7.375
	Members of Cluster (72): 3 4 9 11 13 20 31 33 47 54 60 63 71 92 99 104 112 116 120 124 128 129 137 138 152 160 163 188 192 202 203 214 216 231 232 238 257 258 259 262 272 273 278 296 302 309 314 331 332 347 348 353 364 367 391 403 404 405 406 426 429 435 448 454 456 457 469 483 484 493 494 496 
	Cluster 4 SSE = 126.237
Total SSE (sum squared-distance of each row with its centroid) = 3394.81
Davies-Bouldin Index: 10.9769
------------------------------------------------------------
Assigning each row to the cluster of the nearest centroid...
------------------------------------------------------------
There are 5 clusters
Recomputing the centroids for each cluster...
Centroid 0 = F, 0.591242, 0.465772, 0.159228, 1.10528, 0.470913, 0.243678, 0.313389, 11.4631
	Members of Cluster (149): 1 5 10 14 16 17 18 19 21 38 39 43 46 48 51 56 58 59 61 64 68 80 83 86 87 88 93 96 98 107 108 119 122 127 133 141 144 149 150 151 156 158 159 161 162 181 184 185 189 191 196 197 199 204 208 213 219 221 222 224 226 229 230 233 235 240 243 245 249 250 251 254 256 260 264 265 266 268 270 275 276 277 281 283 284 285 286 289 293 294 295 298 299 300 301 303 317 318 319 320 324 325 328 329 330 333 334 336 337 340 343 344 345 361 371 378 382 386 393 400 401 402 411 412 415 421 422 428 430 432 434 440 441 445 446 447 452 458 464 466 468 473 478 479 480 481 487 488 498 
	Cluster 0 SSE = 1272.32
Centroid 1 = I, 0.509867, 0.3948, 0.1324, 0.636713, 0.279773, 0.13442, 0.191807, 9.69333
	Members of Cluster (75): 2 20 26 34 50 52 62 73 75 76 77 78 90 94 100 103 109 113 115 116 118 125 126 135 146 165 166 167 170 180 187 193 194 201 205 210 225 234 253 271 288 291 292 304 313 321 326 338 346 348 352 354 355 359 360 363 366 370 372 377 383 385 387 392 398 409 410 416 433 442 451 453 461 467 490 
	Cluster 1 SSE = 416.557
Centroid 2 = I, 0.284583, 0.209583, 0.0682292, 0.123583, 0.0618542, 0.0258646, 0.0389375, 5.64583
	Members of Cluster (48): 7 25 32 35 37 40 55 65 67 72 79 81 82 91 106 114 136 147 153 168 169 183 200 206 242 248 255 263 287 310 311 316 362 365 368 395 396 423 425 437 443 465 474 485 486 489 495 499 
	Cluster 2 SSE = 122.878
Centroid 3 = M, 0.597212, 0.469776, 0.165545, 1.16931, 0.512196, 0.250753, 0.327558, 11.3333
	Members of Cluster (156): 0 6 8 12 15 22 23 24 27 28 29 30 36 41 42 44 45 49 53 57 66 69 70 74 84 85 89 95 97 101 102 105 111 117 121 123 130 131 132 134 139 140 142 143 145 148 154 155 157 164 171 172 173 174 175 176 177 178 179 182 186 190 195 198 207 209 211 212 215 217 218 220 223 227 228 236 237 239 241 244 246 247 252 261 267 269 274 279 280 282 290 297 305 306 307 308 312 315 322 323 327 335 341 342 349 350 351 356 357 369 373 374 375 376 379 380 381 384 388 389 390 394 397 399 407 408 413 414 417 418 419 420 424 427 431 436 438 439 444 449 450 455 459 460 462 463 470 471 472 475 476 477 482 491 492 497 
	Cluster 3 SSE = 1456.13
Centroid 4 = I, 0.42375, 0.321111, 0.107847, 0.377444, 0.17066, 0.0837222, 0.106979, 7.29167
	Members of Cluster (72): 3 4 9 11 13 31 33 47 54 60 63 71 92 99 104 110 112 120 124 128 129 137 138 152 160 163 188 192 202 203 214 216 231 232 238 257 258 259 262 272 273 278 296 302 309 314 331 332 339 347 353 358 364 367 391 403 404 405 406 426 429 435 448 454 456 457 469 483 484 493 494 496 
	Cluster 4 SSE = 123.221
Total SSE (sum squared-distance of each row with its centroid) = 3391.1
Davies-Bouldin Index: 10.8728
------------------------------------------------------------
Assigning each row to the cluster of the nearest centroid...
------------------------------------------------------------
There are 5 clusters
Recomputing the centroids for each cluster...
Centroid 0 = F, 0.591242, 0.465772, 0.159228, 1.10528, 0.470913, 0.243678, 0.313389, 11.4631
	Members of Cluster (149): 1 5 10 14 16 17 18 19 21 38 39 43 46 48 51 56 58 59 61 64 68 80 83 86 87 88 93 96 98 107 108 119 122 127 133 141 144 149 150 151 156 158 159 161 162 181 184 185 189 191 196 197 199 204 208 213 219 221 222 224 226 229 230 233 235 240 243 245 249 250 251 254 256 260 264 265 266 268 270 275 276 277 281 283 284 285 286 289 293 294 295 298 299 300 301 303 317 318 319 320 324 325 328 329 330 333 334 336 337 340 343 344 345 361 371 378 382 386 393 400 401 402 411 412 415 421 422 428 430 432 434 440 441 445 446 447 452 458 464 466 468 473 478 479 480 481 487 488 498 
	Cluster 0 SSE = 1272.32
Centroid 1 = I, 0.509122, 0.394054, 0.132027, 0.633223, 0.277946, 0.133601, 0.191074, 9.7027
	Members of Cluster (74): 2 20 26 34 50 52 62 73 75 76 77 78 90 94 100 103 109 113 115 116 118 125 126 135 146 165 166 167 170 180 187 193 194 201 205 210 225 234 253 271 288 291 292 304 313 321 326 338 346 348 352 354 355 359 360 363 366 370 377 383 385 387 392 398 409 410 416 433 442 451 453 461 467 490 
	Cluster 1 SSE = 414.97
Centroid 2 = I, 0.280217, 0.20663, 0.0675, 0.118359, 0.0596739, 0.025087, 0.0374565, 5.58696
	Members of Cluster (46): 7 25 32 35 37 40 55 65 67 72 79 81 82 106 114 136 147 153 168 169 183 200 206 242 248 255 263 310 311 316 362 365 368 395 396 423 425 437 443 465 474 485 486 489 495 499 
	Cluster 2 SSE = 116.981
Centroid 3 = M, 0.597006, 0.46965, 0.16551, 1.16756, 0.511576, 0.250398, 0.327038, 11.3185
	Members of Cluster (157): 0 6 8 12 15 22 23 24 27 28 29 30 36 41 42 44 45 49 53 57 66 69 70 74 84 85 89 95 97 101 102 105 111 117 121 123 130 131 132 134 139 140 142 143 145 148 154 155 157 164 171 172 173 174 175 176 177 178 179 182 186 190 195 198 207 209 211 212 215 217 218 220 223 227 228 236 237 239 241 244 246 247 252 261 267 269 274 279 280 282 290 297 305 306 307 308 312 315 322 323 327 335 341 342 349 350 351 356 357 369 372 373 374 375 376 379 380 381 384 388 389 390 394 397 399 407 408 413 414 417 418 419 420 424 427 431 436 438 439 444 449 450 455 459 460 462 463 470 471 472 475 476 477 482 491 492 497 
	Cluster 3 SSE = 1461.63
Centroid 4 = I, 0.422703, 0.319932, 0.10723, 0.373831, 0.169074, 0.0826419, 0.106061, 7.28378
	Members of Cluster (74): 3 4 9 11 13 31 33 47 54 60 63 71 91 92 99 104 110 112 120 124 128 129 137 138 152 160 163 188 192 202 203 214 216 231 232 238 257 258 259 262 272 273 278 287 296 302 309 314 331 332 339 347 353 358 364 367 391 403 404 405 406 426 429 435 448 454 456 457 469 483 484 493 494 496 
	Cluster 4 SSE = 125.442
Total SSE (sum squared-distance of each row with its centroid) = 3391.34
Davies-Bouldin Index: 10.8797
------------------------------------------------------------
Assigning each row to the cluster of the nearest centroid...
------------------------------------------------------------
There are 5 clusters
Recomputing the centroids for each cluster...
Centroid 0 = F, 0.591242, 0.465772, 0.159228, 1.10528, 0.470913, 0.243678, 0.313389, 11.4631
	Members of Cluster (149): 1 5 10 14 16 17 18 19 21 38 39 43 46 48 51 56 58 59 61 64 68 80 83 86 87 88 93 96 98 107 108 119 122 127 133 141 144 149 150 151 156 158 159 161 162 181 184 185 189 191 196 197 199 204 208 213 219 221 222 224 226 229 230 233 235 240 243 245 249 250 251 254 256 260 264 265 266 268 270 275 276 277 281 283 284 285 286 289 293 294 295 298 299 300 301 303 317 318 319 320 324 325 328 329 330 333 334 336 337 340 343 344 345 361 371 378 382 386 393 400 401 402 411 412 415 421 422 428 430 432 434 440 441 445 446 447 452 458 464 466 468 473 478 479 480 481 487 488 498 
	Cluster 0 SSE = 1272.32
Centroid 1 = I, 0.509122, 0.394054, 0.132027, 0.633223, 0.277946, 0.133601, 0.191074, 9.7027
	Members of Cluster (74): 2 20 26 34 50 52 62 73 75 76 77 78 90 94 100 103 109 113 115 116 118 125 126 135 146 165 166 167 170 180 187 193 194 201 205 210 225 234 253 271 288 291 292 304 313 321 326 338 346 348 352 354 355 359 360 363 366 370 377 383 385 387 392 398 409 410 416 433 442 451 453 461 467 490 
	Cluster 1 SSE = 414.97
Centroid 2 = I, 0.278111, 0.205, 0.0672222, 0.115778, 0.0585, 0.0246333, 0.0368, 5.57778
	Members of Cluster (45): 7 25 32 35 37 40 55 65 67 72 79 81 82 106 114 147 153 168 169 183 200 206 242 248 255 263 310 311 316 362 365 368 395 396 423 425 437 443 465 474 485 486 489 495 499 
	Cluster 2 SSE = 116.773
Centroid 3 = M, 0.597006, 0.46965, 0.16551, 1.16756, 0.511576, 0.250398, 0.327038, 11.3185
	Members of Cluster (157): 0 6 8 12 15 22 23 24 27 28 29 30 36 41 42 44 45 49 53 57 66 69 70 74 84 85 89 95 97 101 102 105 111 117 121 123 130 131 132 134 139 140 142 143 145 148 154 155 157 164 171 172 173 174 175 176 177 178 179 182 186 190 195 198 207 209 211 212 215 217 218 220 223 227 228 236 237 239 241 244 246 247 252 261 267 269 274 279 280 282 290 297 305 306 307 308 312 315 322 323 327 335 341 342 349 350 351 356 357 369 372 373 374 375 376 379 380 381 384 388 389 390 394 397 399 407 408 413 414 417 418 419 420 424 427 431 436 438 439 444 449 450 455 459 460 462 463 470 471 472 475 476 477 482 491 492 497 
	Cluster 3 SSE = 1461.63
Centroid 4 = I, 0.422067, 0.3194, 0.106867, 0.371973, 0.16832, 0.0821467, 0.10554, 7.26667
	Members of Cluster (75): 3 4 9 11 13 31 33 47 54 60 63 71 91 92 99 104 110 112 120 124 128 129 136 137 138 152 160 163 188 192 202 203 214 216 231 232 238 257 258 259 262 272 273 278 287 296 302 309 314 331 332 339 347 353 358 364 367 391 403 404 405 406 426 429 435 448 454 456 457 469 483 484 493 494 496 
	Cluster 4 SSE = 127.097
Total SSE (sum squared-distance of each row with its centroid) = 3392.79
Davies-Bouldin Index: 10.8791
------------------------------------------------------------
Assigning each row to the cluster of the nearest centroid...
------------------------------------------------------------
There are 5 clusters
Recomputing the centroids for each cluster...
Centroid 0 = F, 0.591242, 0.465772, 0.159228, 1.10528, 0.470913, 0.243678, 0.313389, 11.4631
	Members of Cluster (149): 1 5 10 14 16 17 18 19 21 38 39 43 46 48 51 56 58 59 61 64 68 80 83 86 87 88 93 96 98 107 108 119 122 127 133 141 144 149 150 151 156 158 159 161 162 181 184 185 189 191 196 197 199 204 208 213 219 221 222 224 226 229 230 233 235 240 243 245 249 250 251 254 256 260 264 265 266 268 270 275 276 277 281 283 284 285 286 289 293 294 295 298 299 300 301 303 317 318 319 320 324 325 328 329 330 333 334 336 337 340 343 344 345 361 371 378 382 386 393 400 401 402 411 412 415 421 422 428 430 432 434 440 441 445 446 447 452 458 464 466 468 473 478 479 480 481 487 488 498 
	Cluster 0 SSE = 1272.32
Centroid 1 = I, 0.509122, 0.394054, 0.132027, 0.633223, 0.277946, 0.133601, 0.191074, 9.7027
	Members of Cluster (74): 2 20 26 34 50 52 62 73 75 76 77 78 90 94 100 103 109 113 115 116 118 125 126 135 146 165 166 167 170 180 187 193 194 201 205 210 225 234 253 271 288 291 292 304 313 321 326 338 346 348 352 354 355 359 360 363 366 370 377 383 385 387 392 398 409 410 416 433 442 451 453 461 467 490 
	Cluster 1 SSE = 414.97
Centroid 2 = I, 0.276023, 0.203182, 0.0665909, 0.113273, 0.05725, 0.0240227, 0.0361023, 5.52273
	Members of Cluster (44): 7 25 32 35 37 40 55 65 67 72 79 81 82 106 114 147 153 169 183 200 206 242 248 255 263 310 311 316 362 365 368 395 396 423 425 437 443 465 474 485 486 489 495 499 
	Cluster 2 SSE = 110.74
Centroid 3 = M, 0.597006, 0.46965, 0.16551, 1.16756, 0.511576, 0.250398, 0.327038, 11.3185
	Members of Cluster (157): 0 6 8 12 15 22 23 24 27 28 29 30 36 41 42 44 45 49 53 57 66 69 70 74 84 85 89 95 97 101 102 105 111 117 121 123 130 131 132 134 139 140 142 143 145 148 154 155 157 164 171 172 173 174 175 176 177 178 179 182 186 190 195 198 207 209 211 212 215 217 218 220 223 227 228 236 237 239 241 244 246 247 252 261 267 269 274 279 280 282 290 297 305 306 307 308 312 315 322 323 327 335 341 342 349 350 351 356 357 369 372 373 374 375 376 379 380 381 384 388 389 390 394 397 399 407 408 413 414 417 418 419 420 424 427 431 436 438 439 444 449 450 455 459 460 462 463 470 471 472 475 476 477 482 491 492 497 
	Cluster 3 SSE = 1461.63
Centroid 4 = I, 0.421382, 0.318947, 0.106711, 0.370053, 0.167599, 0.0817434, 0.105039, 7.27632
	Members of Cluster (76): 3 4 9 11 13 31 33 47 54 60 63 71 91 92 99 104 110 112 120 124 128 129 136 137 138 152 160 163 168 188 192 202 203 214 216 231 232 238 257 258 259 262 272 273 278 287 296 302 309 314 331 332 339 347 353 358 364 367 391 403 404 405 406 426 429 435 448 454 456 457 469 483 484 493 494 496 
	Cluster 4 SSE = 127.658
Total SSE (sum squared-distance of each row with its centroid) = 3387.31
Davies-Bouldin Index: 10.8553
------------------------------------------------------------
Assigning each row to the cluster of the nearest centroid...
------------------------------------------------------------
There are 5 clusters
Recomputing the centroids for each cluster...
Centroid 0 = F, 0.591242, 0.465772, 0.159228, 1.10528, 0.470913, 0.243678, 0.313389, 11.4631
	Members of Cluster (149): 1 5 10 14 16 17 18 19 21 38 39 43 46 48 51 56 58 59 61 64 68 80 83 86 87 88 93 96 98 107 108 119 122 127 133 141 144 149 150 151 156 158 159 161 162 181 184 185 189 191 196 197 199 204 208 213 219 221 222 224 226 229 230 233 235 240 243 245 249 250 251 254 256 260 264 265 266 268 270 275 276 277 281 283 284 285 286 289 293 294 295 298 299 300 301 303 317 318 319 320 324 325 328 329 330 333 334 336 337 340 343 344 345 361 371 378 382 386 393 400 401 402 411 412 415 421 422 428 430 432 434 440 441 445 446 447 452 458 464 466 468 473 478 479 480 481 487 488 498 
	Cluster 0 SSE = 1272.32
Centroid 1 = I, 0.5086, 0.393733, 0.132133, 0.631427, 0.277033, 0.133453, 0.19046, 9.70667
	Members of Cluster (75): 2 20 26 34 50 52 62 73 75 76 77 78 90 94 100 103 109 113 115 116 118 125 126 135 146 165 166 167 170 180 187 193 194 201 205 210 225 234 253 271 288 291 292 304 313 321 326 338 346 348 352 354 355 359 360 363 366 370 377 383 385 387 392 398 405 409 410 416 433 442 451 453 461 467 490 
	Cluster 1 SSE = 415.085
Centroid 2 = I, 0.273721, 0.201395, 0.0662791, 0.110651, 0.0561395, 0.0234884, 0.0354302, 5.51163
	Members of Cluster (43): 7 25 32 35 37 40 55 65 67 72 79 81 82 106 114 147 153 169 183 200 206 242 248 255 263 310 311 316 362 365 368 395 396 423 425 443 465 474 485 486 489 495 499 
	Cluster 2 SSE = 110.474
Centroid 3 = M, 0.597006, 0.46965, 0.16551, 1.16756, 0.511576, 0.250398, 0.327038, 11.3185
	Members of Cluster (157): 0 6 8 12 15 22 23 24 27 28 29 30 36 41 42 44 45 49 53 57 66 69 70 74 84 85 89 95 97 101 102 105 111 117 121 123 130 131 132 134 139 140 142 143 145 148 154 155 157 164 171 172 173 174 175 176 177 178 179 182 186 190 195 198 207 209 211 212 215 217 218 220 223 227 228 236 237 239 241 244 246 247 252 261 267 269 274 279 280 282 290 297 305 306 307 308 312 315 322 323 327 335 341 342 349 350 351 356 357 369 372 373 374 375 376 379 380 381 384 388 389 390 394 397 399 407 408 413 414 417 418 419 420 424 427 431 436 438 439 444 449 450 455 459 460 462 463 470 471 472 475 476 477 482 491 492 497 
	Cluster 3 SSE = 1461.63
Centroid 4 = I, 0.420132, 0.317763, 0.105921, 0.366467, 0.166224, 0.08075, 0.103987, 7.22368
	Members of Cluster (76): 3 4 9 11 13 31 33 47 54 60 63 71 91 92 99 104 110 112 120 124 128 129 136 137 138 152 160 163 168 188 192 202 203 214 216 231 232 238 257 258 259 262 272 273 278 287 296 302 309 314 331 332 339 347 353 358 364 367 391 403 404 406 426 429 435 437 448 454 456 457 469 483 484 493 494 496 
	Cluster 4 SSE = 121.661
Total SSE (sum squared-distance of each row with its centroid) = 3381.17
Davies-Bouldin Index: 10.7919
------------------------------------------------------------
Assigning each row to the cluster of the nearest centroid...
------------------------------------------------------------
There are 5 clusters
Recomputing the centroids for each cluster...
Centroid 0 = F, 0.591242, 0.465772, 0.159228, 1.10528, 0.470913, 0.243678, 0.313389, 11.4631
	Members of Cluster (149): 1 5 10 14 16 17 18 19 21 38 39 43 46 48 51 56 58 59 61 64 68 80 83 86 87 88 93 96 98 107 108 119 122 127 133 141 144 149 150 151 156 158 159 161 162 181 184 185 189 191 196 197 199 204 208 213 219 221 222 224 226 229 230 233 235 240 243 245 249 250 251 254 256 260 264 265 266 268 270 275 276 277 281 283 284 285 286 289 293 294 295 298 299 300 301 303 317 318 319 320 324 325 328 329 330 333 334 336 337 340 343 344 345 361 371 378 382 386 393 400 401 402 411 412 415 421 422 428 430 432 434 440 441 445 446 447 452 458 464 466 468 473 478 479 480 481 487 488 498 
	Cluster 0 SSE = 1272.32
Centroid 1 = I, 0.5086, 0.393733, 0.132133, 0.631427, 0.277033, 0.133453, 0.19046, 9.70667
	Members of Cluster (75): 2 20 26 34 50 52 62 73 75 76 77 78 90 94 100 103 109 113 115 116 118 125 126 135 146 165 166 167 170 180 187 193 194 201 205 210 225 234 253 271 288 291 292 304 313 321 326 338 346 348 352 354 355 359 360 363 366 370 377 383 385 387 392 398 405 409 410 416 433 442 451 453 461 467 490 
	Cluster 1 SSE = 415.085
Centroid 2 = I, 0.27119, 0.199643, 0.0654762, 0.107917, 0.0555714, 0.022881, 0.03425, 5.40476
	Members of Cluster (42): 7 25 32 35 37 40 55 65 67 72 79 81 82 106 114 147 153 169 183 200 206 242 248 263 310 311 316 362 365 368 395 396 423 425 443 465 474 485 486 489 495 499 
	Cluster 2 SSE = 89.8129
Centroid 3 = M, 0.597006, 0.46965, 0.16551, 1.16756, 0.511576, 0.250398, 0.327038, 11.3185
	Members of Cluster (157): 0 6 8 12 15 22 23 24 27 28 29 30 36 41 42 44 45 49 53 57 66 69 70 74 84 85 89 95 97 101 102 105 111 117 121 123 130 131 132 134 139 140 142 143 145 148 154 155 157 164 171 172 173 174 175 176 177 178 179 182 186 190 195 198 207 209 211 212 215 217 218 220 223 227 228 236 237 239 241 244 246 247 252 261 267 269 274 279 280 282 290 297 305 306 307 308 312 315 322 323 327 335 341 342 349 350 351 356 357 369 372 373 374 375 376 379 380 381 384 388 389 390 394 397 399 407 408 413 414 417 418 419 420 424 427 431 436 438 439 444 449 450 455 459 460 462 463 470 471 472 475 476 477 482 491 492 497 
	Cluster 3 SSE = 1461.63
Centroid 4 = I, 0.41961, 0.317208, 0.105844, 0.364636, 0.165104, 0.0803377, 0.10374, 7.25974
	Members of Cluster (77): 3 4 9 11 13 31 33 47 54 60 63 71 91 92 99 104 110 112 120 124 128 129 136 137 138 152 160 163 168 188 192 202 203 214 216 231 232 238 255 257 258 259 262 272 273 278 287 296 302 309 314 331 332 339 347 353 358 364 367 391 403 404 406 426 429 435 437 448 454 456 457 469 483 484 493 494 496 
	Cluster 4 SSE = 129.301
Total SSE (sum squared-distance of each row with its centroid) = 3368.14
Davies-Bouldin Index: 10.7534
------------------------------------------------------------
Assigning each row to the cluster of the nearest centroid...
------------------------------------------------------------
There are 5 clusters
Recomputing the centroids for each cluster...
Centroid 0 = F, 0.591242, 0.465772, 0.159228, 1.10528, 0.470913, 0.243678, 0.313389, 11.4631
	Members of Cluster (149): 1 5 10 14 16 17 18 19 21 38 39 43 46 48 51 56 58 59 61 64 68 80 83 86 87 88 93 96 98 107 108 119 122 127 133 141 144 149 150 151 156 158 159 161 162 181 184 185 189 191 196 197 199 204 208 213 219 221 222 224 226 229 230 233 235 240 243 245 249 250 251 254 256 260 264 265 266 268 270 275 276 277 281 283 284 285 286 289 293 294 295 298 299 300 301 303 317 318 319 320 324 325 328 329 330 333 334 336 337 340 343 344 345 361 371 378 382 386 393 400 401 402 411 412 415 421 422 428 430 432 434 440 441 445 446 447 452 458 464 466 468 473 478 479 480 481 487 488 498 
	Cluster 0 SSE = 1272.32
Centroid 1 = I, 0.5086, 0.393733, 0.132133, 0.631427, 0.277033, 0.133453, 0.19046, 9.70667
	Members of Cluster (75): 2 20 26 34 50 52 62 73 75 76 77 78 90 94 100 103 109 113 115 116 118 125 126 135 146 165 166 167 170 180 187 193 194 201 205 210 225 234 253 271 288 291 292 304 313 321 326 338 346 348 352 354 355 359 360 363 366 370 377 383 385 387 392 398 405 409 410 416 433 442 451 453 461 467 490 
	Cluster 1 SSE = 415.085
Centroid 2 = I, 0.268293, 0.197683, 0.064878, 0.105305, 0.0548659, 0.0226098, 0.0331585, 5.34146
	Members of Cluster (41): 7 25 32 35 37 40 55 65 67 72 79 81 82 106 114 147 153 169 183 200 206 242 248 263 311 316 362 365 368 395 396 423 425 443 465 474 485 486 489 495 499 
	Cluster 2 SSE = 82.8769
Centroid 3 = M, 0.597006, 0.46965, 0.16551, 1.16756, 0.511576, 0.250398, 0.327038, 11.3185
	Members of Cluster (157): 0 6 8 12 15 22 23 24 27 28 29 30 36 41 42 44 45 49 53 57 66 69 70 74 84 85 89 95 97 101 102 105 111 117 121 123 130 131 132 134 139 140 142 143 145 148 154 155 157 164 171 172 173 174 175 176 177 178 179 182 186 190 195 198 207 209 211 212 215 217 218 220 223 227 228 236 237 239 241 244 246 247 252 261 267 269 274 279 280 282 290 297 305 306 307 308 312 315 322 323 327 335 341 342 349 350 351 356 357 369 372 373 374 375 376 379 380 381 384 388 389 390 394 397 399 407 408 413 414 417 418 419 420 424 427 431 436 438 439 444 449 450 455 459 460 462 463 470 471 472 475 476 477 482 491 492 497 
	Cluster 3 SSE = 1461.63
Centroid 4 = I, 0.419231, 0.316731, 0.105641, 0.362718, 0.164071, 0.0797436, 0.103423, 7.26923
	Members of Cluster (78): 3 4 9 11 13 31 33 47 54 60 63 71 91 92 99 104 110 112 120 124 128 129 136 137 138 152 160 163 168 188 192 202 203 214 216 231 232 238 255 257 258 259 262 272 273 278 287 296 302 309 310 314 331 332 339 347 353 358 364 367 391 403 404 406 426 429 435 437 448 454 456 457 469 483 484 493 494 496 
	Cluster 4 SSE = 129.875
Total SSE (sum squared-distance of each row with its centroid) = 3361.78
Davies-Bouldin Index: 10.7246
------------------------------------------------------------
Assigning each row to the cluster of the nearest centroid...
------------------------------------------------------------
There are 5 clusters
Recomputing the centroids for each cluster...
Centroid 0 = F, 0.591242, 0.465772, 0.159228, 1.10528, 0.470913, 0.243678, 0.313389, 11.4631
	Members of Cluster (149): 1 5 10 14 16 17 18 19 21 38 39 43 46 48 51 56 58 59 61 64 68 80 83 86 87 88 93 96 98 107 108 119 122 127 133 141 144 149 150 151 156 158 159 161 162 181 184 185 189 191 196 197 199 204 208 213 219 221 222 224 226 229 230 233 235 240 243 245 249 250 251 254 256 260 264 265 266 268 270 275 276 277 281 283 284 285 286 289 293 294 295 298 299 300 301 303 317 318 319 320 324 325 328 329 330 333 334 336 337 340 343 344 345 361 371 378 382 386 393 400 401 402 411 412 415 421 422 428 430 432 434 440 441 445 446 447 452 458 464 466 468 473 478 479 480 481 487 488 498 
	Cluster 0 SSE = 1272.32
Centroid 1 = I, 0.5086, 0.393733, 0.132133, 0.631427, 0.277033, 0.133453, 0.19046, 9.70667
	Members of Cluster (75): 2 20 26 34 50 52 62 73 75 76 77 78 90 94 100 103 109 113 115 116 118 125 126 135 146 165 166 167 170 180 187 193 194 201 205 210 225 234 253 271 288 291 292 304 313 321 326 338 346 348 352 354 355 359 360 363 366 370 377 383 385 387 392 398 405 409 410 416 433 442 451 453 461 467 490 
	Cluster 1 SSE = 415.085
Centroid 2 = I, 0.265625, 0.19575, 0.06425, 0.102487, 0.0539125, 0.0221625, 0.0321, 5.325
	Members of Cluster (40): 7 25 32 35 37 40 55 65 67 72 79 81 82 106 114 147 153 169 183 206 242 248 263 311 316 362 365 368 395 396 423 425 443 465 474 485 486 489 495 499 
	Cluster 2 SSE = 82.3972
Centroid 3 = M, 0.597006, 0.46965, 0.16551, 1.16756, 0.511576, 0.250398, 0.327038, 11.3185
	Members of Cluster (157): 0 6 8 12 15 22 23 24 27 28 29 30 36 41 42 44 45 49 53 57 66 69 70 74 84 85 89 95 97 101 102 105 111 117 121 123 130 131 132 134 139 140 142 143 145 148 154 155 157 164 171 172 173 174 175 176 177 178 179 182 186 190 195 198 207 209 211 212 215 217 218 220 223 227 228 236 237 239 241 244 246 247 252 261 267 269 274 279 280 282 290 297 305 306 307 308 312 315 322 323 327 335 341 342 349 350 351 356 357 369 372 373 374 375 376 379 380 381 384 388 389 390 394 397 399 407 408 413 414 417 418 419 420 424 427 431 436 438 439 444 449 450 455 459 460 462 463 470 471 472 475 476 477 482 491 492 497 
	Cluster 3 SSE = 1461.63
Centroid 4 = I, 0.418671, 0.316203, 0.105443, 0.360886, 0.163171, 0.0792468, 0.10307, 7.25316
	Members of Cluster (79): 3 4 9 11 13 31 33 47 54 60 63 71 91 92 99 104 110 112 120 124 128 129 136 137 138 152 160 163 168 188 192 200 202 203 214 216 231 232 238 255 257 258 259 262 272 273 278 287 296 302 309 310 314 331 332 339 347 353 358 364 367 391 403 404 406 426 429 435 437 448 454 456 457 469 483 484 493 494 496 
	Cluster 4 SSE = 131.498
Total SSE (sum squared-distance of each row with its centroid) = 3362.93
Davies-Bouldin Index: 10.7219
------------------------------------------------------------
Assigning each row to the cluster of the nearest centroid...
------------------------------------------------------------
There are 5 clusters
Recomputing the centroids for each cluster...
Centroid 0 = F, 0.591242, 0.465772, 0.159228, 1.10528, 0.470913, 0.243678, 0.313389, 11.4631
	Members of Cluster (149): 1 5 10 14 16 17 18 19 21 38 39 43 46 48 51 56 58 59 61 64 68 80 83 86 87 88 93 96 98 107 108 119 122 127 133 141 144 149 150 151 156 158 159 161 162 181 184 185 189 191 196 197 199 204 208 213 219 221 222 224 226 229 230 233 235 240 243 245 249 250 251 254 256 260 264 265 266 268 270 275 276 277 281 283 284 285 286 289 293 294 295 298 299 300 301 303 317 318 319 320 324 325 328 329 330 333 334 336 337 340 343 344 345 361 371 378 382 386 393 400 401 402 411 412 415 421 422 428 430 432 434 440 441 445 446 447 452 458 464 466 468 473 478 479 480 481 487 488 498 
	Cluster 0 SSE = 1272.32
Centroid 1 = I, 0.5086, 0.393733, 0.132133, 0.631427, 0.277033, 0.133453, 0.19046, 9.70667
	Members of Cluster (75): 2 20 26 34 50 52 62 73 75 76 77 78 90 94 100 103 109 113 115 116 118 125 126 135 146 165 166 167 170 180 187 193 194 201 205 210 225 234 253 271 288 291 292 304 313 321 326 338 346 348 352 354 355 359 360 363 366 370 377 383 385 387 392 398 405 409 410 416 433 442 451 453 461 467 490 
	Cluster 1 SSE = 415.085
Centroid 2 = I, 0.265625, 0.19575, 0.06425, 0.102487, 0.0539125, 0.0221625, 0.0321, 5.325
	Members of Cluster (40): 7 25 32 35 37 40 55 65 67 72 79 81 82 106 114 147 153 169 183 206 242 248 263 311 316 362 365 368 395 396 423 425 443 465 474 485 486 489 495 499 
	Cluster 2 SSE = 82.3972
Centroid 3 = M, 0.597006, 0.46965, 0.16551, 1.16756, 0.511576, 0.250398, 0.327038, 11.3185
	Members of Cluster (157): 0 6 8 12 15 22 23 24 27 28 29 30 36 41 42 44 45 49 53 57 66 69 70 74 84 85 89 95 97 101 102 105 111 117 121 123 130 131 132 134 139 140 142 143 145 148 154 155 157 164 171 172 173 174 175 176 177 178 179 182 186 190 195 198 207 209 211 212 215 217 218 220 223 227 228 236 237 239 241 244 246 247 252 261 267 269 274 279 280 282 290 297 305 306 307 308 312 315 322 323 327 335 341 342 349 350 351 356 357 369 372 373 374 375 376 379 380 381 384 388 389 390 394 397 399 407 408 413 414 417 418 419 420 424 427 431 436 438 439 444 449 450 455 459 460 462 463 470 471 472 475 476 477 482 491 492 497 
	Cluster 3 SSE = 1461.63
Centroid 4 = I, 0.418671, 0.316203, 0.105443, 0.360886, 0.163171, 0.0792468, 0.10307, 7.25316
	Members of Cluster (79): 3 4 9 11 13 31 33 47 54 60 63 71 91 92 99 104 110 112 120 124 128 129 136 137 138 152 160 163 168 188 192 200 202 203 214 216 231 232 238 255 257 258 259 262 272 273 278 287 296 302 309 310 314 331 332 339 347 353 358 364 367 391 403 404 406 426 429 435 437 448 454 456 457 469 483 484 493 494 496 
	Cluster 4 SSE = 131.498
Total SSE (sum squared-distance of each row with its centroid) = 3362.93
Davies-Bouldin Index: 10.7219
------------------------------------------------------------
Assigning each row to the cluster of the nearest centroid...
------------------------------------------------------------
There are 5 clusters
Recomputing the centroids for each cluster...
Centroid 0 = F, 0.591242, 0.465772, 0.159228, 1.10528, 0.470913, 0.243678, 0.313389, 11.4631
	Members of Cluster (149): 1 5 10 14 16 17 18 19 21 38 39 43 46 48 51 56 58 59 61 64 68 80 83 86 87 88 93 96 98 107 108 119 122 127 133 141 144 149 150 151 156 158 159 161 162 181 184 185 189 191 196 197 199 204 208 213 219 221 222 224 226 229 230 233 235 240 243 245 249 250 251 254 256 260 264 265 266 268 270 275 276 277 281 283 284 285 286 289 293 294 295 298 299 300 301 303 317 318 319 320 324 325 328 329 330 333 334 336 337 340 343 344 345 361 371 378 382 386 393 400 401 402 411 412 415 421 422 428 430 432 434 440 441 445 446 447 452 458 464 466 468 473 478 479 480 481 487 488 498 
	Cluster 0 SSE = 1272.32
Centroid 1 = I, 0.5086, 0.393733, 0.132133, 0.631427, 0.277033, 0.133453, 0.19046, 9.70667
	Members of Cluster (75): 2 20 26 34 50 52 62 73 75 76 77 78 90 94 100 103 109 113 115 116 118 125 126 135 146 165 166 167 170 180 187 193 194 201 205 210 225 234 253 271 288 291 292 304 313 321 326 338 346 348 352 354 355 359 360 363 366 370 377 383 385 387 392 398 405 409 410 416 433 442 451 453 461 467 490 
	Cluster 1 SSE = 415.085
Centroid 2 = I, 0.265625, 0.19575, 0.06425, 0.102487, 0.0539125, 0.0221625, 0.0321, 5.325
	Members of Cluster (40): 7 25 32 35 37 40 55 65 67 72 79 81 82 106 114 147 153 169 183 206 242 248 263 311 316 362 365 368 395 396 423 425 443 465 474 485 486 489 495 499 
	Cluster 2 SSE = 82.3972
Centroid 3 = M, 0.597006, 0.46965, 0.16551, 1.16756, 0.511576, 0.250398, 0.327038, 11.3185
	Members of Cluster (157): 0 6 8 12 15 22 23 24 27 28 29 30 36 41 42 44 45 49 53 57 66 69 70 74 84 85 89 95 97 101 102 105 111 117 121 123 130 131 132 134 139 140 142 143 145 148 154 155 157 164 171 172 173 174 175 176 177 178 179 182 186 190 195 198 207 209 211 212 215 217 218 220 223 227 228 236 237 239 241 244 246 247 252 261 267 269 274 279 280 282 290 297 305 306 307 308 312 315 322 323 327 335 341 342 349 350 351 356 357 369 372 373 374 375 376 379 380 381 384 388 389 390 394 397 399 407 408 413 414 417 418 419 420 424 427 431 436 438 439 444 449 450 455 459 460 462 463 470 471 472 475 476 477 482 491 492 497 
	Cluster 3 SSE = 1461.63
Centroid 4 = I, 0.418671, 0.316203, 0.105443, 0.360886, 0.163171, 0.0792468, 0.10307, 7.25316
	Members of Cluster (79): 3 4 9 11 13 31 33 47 54 60 63 71 91 92 99 104 110 112 120 124 128 129 136 137 138 152 160 163 168 188 192 200 202 203 214 216 231 232 238 255 257 258 259 262 272 273 278 287 296 302 309 310 314 331 332 339 347 353 358 364 367 391 403 404 406 426 429 435 437 448 454 456 457 469 483 484 493 494 496 
	Cluster 4 SSE = 131.498
Total SSE (sum squared-distance of each row with its centroid) = 3362.93
Davies-Bouldin Index: 10.7219
Convergence is detected because the sum squared-distance did not improve, and more than 3 iterations were performed
