Dataset name: ../data/abalone500.arff
Number of instances (rows): 500
Number of attributes (cols): 9
Learning algorithm: clustering
Evaluation method: training
Running k-means...
Centroid 0 = F, 0.53, 0.42, 0.135, 0.677, 0.2565, 0.1415, 0.21, 9
Centroid 1 = F, 0.505, 0.41, 0.15, 0.6345, 0.243, 0.1335, 0.215, 17
Centroid 2 = M, 0.68, 0.52, 0.195, 1.4535, 0.592, 0.391, 0.4125, 10
------------------------------------------------------------
Assigning each row to the cluster of the nearest centroid...
------------------------------------------------------------
There are 3 clusters
Recomputing the centroids for each cluster...
Centroid 0 = F, 0.564752, 0.441615, 0.150093, 0.926829, 0.399329, 0.204975, 0.265646, 10.5652
	Members of Cluster (161): 1 2 10 17 18 19 21 34 39 43 48 51 52 56 58 62 64 66 73 75 76 78 83 86 88 93 98 100 103 107 108 109 111 115 122 125 127 133 135 137 144 146 149 151 155 156 159 162 165 166 167 170 180 181 184 187 191 193 194 196 197 199 201 204 205 210 215 216 219 224 225 226 229 230 234 235 240 243 246 249 253 254 256 260 266 268 270 271 276 281 282 283 284 285 288 291 292 295 298 300 301 304 313 317 318 319 320 321 324 325 328 329 334 336 337 338 340 343 344 354 355 359 360 361 363 370 372 382 383 385 386 392 398 401 402 409 410 412 416 421 430 432 433 434 436 442 445 447 452 453 458 461 464 466 475 478 479 480 481 488 498 
	Cluster 0 SSE = 1242.77
Centroid 1 = I, 0.40448, 0.308006, 0.103699, 0.373714, 0.161962, 0.0810231, 0.113419, 8.17341
	Members of Cluster (173): 3 4 5 7 9 11 13 20 25 31 32 33 35 37 38 40 46 47 50 54 55 60 61 63 65 67 68 71 72 77 79 80 81 82 90 91 92 96 99 104 106 110 112 114 116 118 119 120 124 126 128 129 136 138 147 152 153 157 160 161 163 168 169 176 177 183 188 189 192 200 202 203 206 208 212 214 221 222 231 232 233 238 242 245 248 255 257 258 259 262 263 267 272 273 274 275 278 286 287 289 293 296 302 303 305 309 310 311 312 314 315 316 326 331 332 335 339 345 346 347 348 351 353 356 358 362 364 365 366 367 368 374 377 387 391 395 396 403 404 405 406 415 423 425 426 429 431 435 437 443 448 451 454 456 457 459 465 467 468 469 473 474 483 485 486 487 489 490 491 493 494 495 499 
	Cluster 1 SSE = 1875.95
Centroid 2 = M, 0.619096, 0.488494, 0.171175, 1.28969, 0.566244, 0.275654, 0.357593, 11.3494
	Members of Cluster (166): 0 6 8 12 14 15 16 22 23 24 26 27 28 29 30 36 41 42 44 45 49 53 57 59 69 70 74 84 85 87 89 94 95 97 101 102 105 113 117 121 123 130 131 132 134 139 140 141 142 143 145 148 150 154 158 164 171 172 173 174 175 178 179 182 185 186 190 195 198 207 209 211 213 217 218 220 223 227 228 236 237 239 241 244 247 250 251 252 261 264 265 269 277 279 280 290 294 297 299 306 307 308 322 323 327 330 333 341 342 349 350 352 357 369 371 373 375 376 378 379 380 381 384 388 389 390 393 394 397 399 400 407 408 411 413 414 417 418 419 420 422 424 427 428 438 439 440 441 444 446 449 450 455 460 462 463 470 471 472 476 477 482 484 492 496 497 
	Cluster 2 SSE = 1487.42
Total SSE (sum squared-distance of each row with its centroid) = 4606.15
Davies-Bouldin Index: 7.63324
------------------------------------------------------------
Assigning each row to the cluster of the nearest centroid...
------------------------------------------------------------
There are 3 clusters
Recomputing the centroids for each cluster...
Centroid 0 = F, 0.573804, 0.453589, 0.153957, 1.01119, 0.430294, 0.222279, 0.290712, 11.0736
	Members of Cluster (163): 1 2 5 10 14 16 17 18 19 21 24 30 38 39 44 46 48 51 56 58 59 61 64 68 71 73 74 80 83 86 87 88 93 94 96 98 107 108 113 119 122 127 130 141 143 144 149 150 151 156 158 159 161 162 166 180 181 184 189 190 191 192 196 197 199 201 204 208 211 213 219 221 222 223 224 225 226 235 240 245 249 250 254 257 258 262 264 265 266 268 270 275 277 279 281 283 285 286 289 290 293 295 298 299 300 301 304 317 318 319 320 324 325 328 329 330 333 334 336 337 340 341 343 344 352 360 361 365 367 370 371 378 386 393 400 401 402 409 411 412 421 422 428 430 432 434 440 441 447 452 458 461 463 464 466 468 473 478 479 480 482 487 498 
	Cluster 0 SSE = 1477.38
Centroid 1 = I, 0.413861, 0.313861, 0.105583, 0.388625, 0.173014, 0.0835944, 0.116294, 7.76667
	Members of Cluster (180): 3 4 7 9 11 20 25 26 27 31 32 33 34 35 37 40 47 50 52 54 55 60 62 63 65 67 72 75 76 77 78 79 81 82 90 91 92 95 99 100 103 104 106 109 110 112 114 115 116 118 120 124 125 126 128 129 135 136 137 138 146 147 152 153 160 163 165 167 168 169 170 177 183 187 188 193 194 200 202 203 205 206 214 216 231 232 233 234 238 242 248 253 255 259 263 271 272 273 274 278 287 288 292 296 302 303 305 309 310 311 313 314 316 326 331 332 335 338 339 345 346 348 351 353 354 355 356 358 359 362 363 364 366 368 377 383 385 387 391 392 395 396 398 403 404 405 406 410 415 416 423 425 426 429 431 433 435 437 443 448 451 453 454 456 457 465 467 469 474 477 483 485 486 489 490 491 493 494 495 499 
	Cluster 1 SSE = 1137.02
Centroid 2 = M, 0.609204, 0.477994, 0.16828, 1.23047, 0.541576, 0.264318, 0.340331, 11.4395
	Members of Cluster (157): 0 6 8 12 13 15 22 23 28 29 36 41 42 43 45 49 53 57 66 69 70 84 85 89 97 101 102 105 111 117 121 123 131 132 133 134 139 140 142 145 148 154 155 157 164 171 172 173 174 175 176 178 179 182 185 186 195 198 207 209 210 212 215 217 218 220 227 228 229 230 236 237 239 241 243 244 246 247 251 252 256 260 261 267 269 276 280 282 284 291 294 297 306 307 308 312 315 321 322 323 327 342 347 349 350 357 369 372 373 374 375 376 379 380 381 382 384 388 389 390 394 397 399 407 408 413 414 417 418 419 420 424 427 436 438 439 442 444 445 446 449 450 455 459 460 462 470 471 472 475 476 481 484 488 492 496 497 
	Cluster 2 SSE = 1436.96
Total SSE (sum squared-distance of each row with its centroid) = 4051.35
Davies-Bouldin Index: 13.3941
------------------------------------------------------------
Assigning each row to the cluster of the nearest centroid...
------------------------------------------------------------
There are 3 clusters
Recomputing the centroids for each cluster...
Centroid 0 = F, 0.585185, 0.460864, 0.157191, 1.06851, 0.4555, 0.235435, 0.304083, 11.2531
	Members of Cluster (162): 1 2 5 10 14 16 17 18 19 21 38 39 43 46 48 51 56 58 59 61 64 68 73 80 83 86 87 88 93 96 98 107 108 119 122 127 133 141 144 149 150 151 156 158 159 161 162 166 180 181 184 185 187 189 191 196 197 199 201 204 208 213 219 221 222 224 225 226 229 230 233 235 240 243 245 249 250 251 254 256 260 264 265 266 268 270 275 276 277 281 283 284 285 286 289 293 294 295 298 299 300 301 303 304 317 318 319 320 324 325 328 329 330 333 334 336 337 340 343 344 345 360 361 365 370 371 378 382 386 393 400 401 402 409 411 412 415 421 422 428 430 432 434 440 441 445 446 447 452 458 461 464 466 468 473 478 479 480 481 487 488 498 
	Cluster 0 SSE = 1378.84
Centroid 1 = I, 0.413192, 0.313785, 0.104887, 0.389585, 0.175037, 0.0836271, 0.115274, 7.70056
	Members of Cluster (177): 3 4 7 9 11 13 20 25 26 31 32 33 34 35 37 40 47 50 52 54 55 60 62 63 65 67 71 72 75 76 77 78 79 81 82 90 91 92 94 99 100 103 104 106 109 110 112 113 114 115 116 118 120 124 125 126 128 129 135 136 137 138 146 147 152 153 160 163 165 167 168 169 170 183 188 192 193 194 200 202 203 205 206 214 216 231 232 234 238 242 248 253 255 257 258 259 262 263 271 272 273 278 287 288 292 296 302 309 310 311 313 314 316 326 331 332 338 339 346 347 348 352 353 354 355 358 359 362 363 364 366 367 368 377 383 385 387 391 392 395 396 398 403 404 405 406 410 416 423 425 426 429 433 435 437 443 448 451 453 454 456 457 465 467 469 474 483 484 485 486 489 490 493 494 495 496 499 
	Cluster 1 SSE = 1123.23
Centroid 2 = M, 0.594627, 0.467547, 0.164534, 1.1547, 0.506432, 0.247416, 0.323516, 11.2609
	Members of Cluster (161): 0 6 8 12 15 22 23 24 27 28 29 30 36 41 42 44 45 49 53 57 66 69 70 74 84 85 89 95 97 101 102 105 111 117 121 123 130 131 132 134 139 140 142 143 145 148 154 155 157 164 171 172 173 174 175 176 177 178 179 182 186 190 195 198 207 209 210 211 212 215 217 218 220 223 227 228 236 237 239 241 244 246 247 252 261 267 269 274 279 280 282 290 291 297 305 306 307 308 312 315 321 322 323 327 335 341 342 349 350 351 356 357 369 372 373 374 375 376 379 380 381 384 388 389 390 394 397 399 407 408 413 414 417 418 419 420 424 427 431 436 438 439 442 444 449 450 455 459 460 462 463 470 471 472 475 476 477 482 491 492 497 
	Cluster 2 SSE = 1484.13
Total SSE (sum squared-distance of each row with its centroid) = 3986.2
Davies-Bouldin Index: 13.5615
------------------------------------------------------------
Assigning each row to the cluster of the nearest centroid...
------------------------------------------------------------
There are 3 clusters
Recomputing the centroids for each cluster...
Centroid 0 = F, 0.586584, 0.46205, 0.157609, 1.07397, 0.457804, 0.236658, 0.30563, 11.2919
	Members of Cluster (161): 1 2 5 10 14 16 17 18 19 21 38 39 43 46 48 51 56 58 59 61 64 68 73 80 83 86 87 88 93 96 98 107 108 119 122 127 133 141 144 149 150 151 156 158 159 161 162 166 180 181 184 185 187 189 191 196 197 199 201 204 208 213 219 221 222 224 225 226 229 230 233 235 240 243 245 249 250 251 254 256 260 264 265 266 268 270 275 276 277 281 283 284 285 286 289 293 294 295 298 299 300 301 303 304 317 318 319 320 324 325 328 329 330 333 334 336 337 340 343 344 345 360 361 370 371 378 382 386 393 400 401 402 409 411 412 415 421 422 428 430 432 434 440 441 445 446 447 452 458 461 464 466 468 473 478 479 480 481 487 488 498 
	Cluster 0 SSE = 1338.38
Centroid 1 = I, 0.412994, 0.313644, 0.104746, 0.388864, 0.174833, 0.0835085, 0.11496, 7.66102
	Members of Cluster (177): 3 4 7 9 11 13 20 25 26 31 32 33 34 35 37 40 47 50 52 54 55 60 62 63 65 67 71 72 75 76 77 78 79 81 82 90 91 92 94 99 100 103 104 106 109 110 113 114 115 116 118 120 124 125 126 128 129 135 136 137 138 146 147 152 153 160 163 165 167 168 169 170 183 188 192 193 194 200 202 203 205 206 214 216 231 232 234 238 242 248 253 255 257 258 259 262 263 271 272 273 278 287 288 292 296 302 309 310 311 313 314 316 326 331 332 338 339 346 347 348 352 353 354 355 358 359 362 363 364 365 366 367 368 377 383 385 387 391 392 395 396 398 403 404 405 406 410 416 423 425 426 429 433 435 437 443 448 451 453 454 456 457 465 467 469 474 483 484 485 486 489 490 493 494 495 496 499 
	Cluster 1 SSE = 1111.81
Centroid 2 = M, 0.593395, 0.466481, 0.164228, 1.14952, 0.504049, 0.246256, 0.322201, 11.2654
	Members of Cluster (162): 0 6 8 12 15 22 23 24 27 28 29 30 36 41 42 44 45 49 53 57 66 69 70 74 84 85 89 95 97 101 102 105 111 112 117 121 123 130 131 132 134 139 140 142 143 145 148 154 155 157 164 171 172 173 174 175 176 177 178 179 182 186 190 195 198 207 209 210 211 212 215 217 218 220 223 227 228 236 237 239 241 244 246 247 252 261 267 269 274 279 280 282 290 291 297 305 306 307 308 312 315 321 322 323 327 335 341 342 349 350 351 356 357 369 372 373 374 375 376 379 380 381 384 388 389 390 394 397 399 407 408 413 414 417 418 419 420 424 427 431 436 438 439 442 444 449 450 455 459 460 462 463 470 471 472 475 476 477 482 491 492 497 
	Cluster 2 SSE = 1485.67
Total SSE (sum squared-distance of each row with its centroid) = 3935.87
Davies-Bouldin Index: 13.3888
------------------------------------------------------------
Assigning each row to the cluster of the nearest centroid...
------------------------------------------------------------
There are 3 clusters
Recomputing the centroids for each cluster...
Centroid 0 = F, 0.586584, 0.46205, 0.157609, 1.07397, 0.457804, 0.236658, 0.30563, 11.2919
	Members of Cluster (161): 1 2 5 10 14 16 17 18 19 21 38 39 43 46 48 51 56 58 59 61 64 68 73 80 83 86 87 88 93 96 98 107 108 119 122 127 133 141 144 149 150 151 156 158 159 161 162 166 180 181 184 185 187 189 191 196 197 199 201 204 208 213 219 221 222 224 225 226 229 230 233 235 240 243 245 249 250 251 254 256 260 264 265 266 268 270 275 276 277 281 283 284 285 286 289 293 294 295 298 299 300 301 303 304 317 318 319 320 324 325 328 329 330 333 334 336 337 340 343 344 345 360 361 370 371 378 382 386 393 400 401 402 409 411 412 415 421 422 428 430 432 434 440 441 445 446 447 452 458 461 464 466 468 473 478 479 480 481 487 488 498 
	Cluster 0 SSE = 1338.38
Centroid 1 = I, 0.412994, 0.313644, 0.104746, 0.388864, 0.174833, 0.0835085, 0.11496, 7.66102
	Members of Cluster (177): 3 4 7 9 11 13 20 25 26 31 32 33 34 35 37 40 47 50 52 54 55 60 62 63 65 67 71 72 75 76 77 78 79 81 82 90 91 92 94 99 100 103 104 106 109 110 113 114 115 116 118 120 124 125 126 128 129 135 136 137 138 146 147 152 153 160 163 165 167 168 169 170 183 188 192 193 194 200 202 203 205 206 214 216 231 232 234 238 242 248 253 255 257 258 259 262 263 271 272 273 278 287 288 292 296 302 309 310 311 313 314 316 326 331 332 338 339 346 347 348 352 353 354 355 358 359 362 363 364 365 366 367 368 377 383 385 387 391 392 395 396 398 403 404 405 406 410 416 423 425 426 429 433 435 437 443 448 451 453 454 456 457 465 467 469 474 483 484 485 486 489 490 493 494 495 496 499 
	Cluster 1 SSE = 1111.81
Centroid 2 = M, 0.593395, 0.466481, 0.164228, 1.14952, 0.504049, 0.246256, 0.322201, 11.2654
	Members of Cluster (162): 0 6 8 12 15 22 23 24 27 28 29 30 36 41 42 44 45 49 53 57 66 69 70 74 84 85 89 95 97 101 102 105 111 112 117 121 123 130 131 132 134 139 140 142 143 145 148 154 155 157 164 171 172 173 174 175 176 177 178 179 182 186 190 195 198 207 209 210 211 212 215 217 218 220 223 227 228 236 237 239 241 244 246 247 252 261 267 269 274 279 280 282 290 291 297 305 306 307 308 312 315 321 322 323 327 335 341 342 349 350 351 356 357 369 372 373 374 375 376 379 380 381 384 388 389 390 394 397 399 407 408 413 414 417 418 419 420 424 427 431 436 438 439 442 444 449 450 455 459 460 462 463 470 471 472 475 476 477 482 491 492 497 
	Cluster 2 SSE = 1485.67
Total SSE (sum squared-distance of each row with its centroid) = 3935.87
Davies-Bouldin Index: 13.3888
------------------------------------------------------------
Assigning each row to the cluster of the nearest centroid...
------------------------------------------------------------
There are 3 clusters
Recomputing the centroids for each cluster...
Centroid 0 = F, 0.586584, 0.46205, 0.157609, 1.07397, 0.457804, 0.236658, 0.30563, 11.2919
	Members of Cluster (161): 1 2 5 10 14 16 17 18 19 21 38 39 43 46 48 51 56 58 59 61 64 68 73 80 83 86 87 88 93 96 98 107 108 119 122 127 133 141 144 149 150 151 156 158 159 161 162 166 180 181 184 185 187 189 191 196 197 199 201 204 208 213 219 221 222 224 225 226 229 230 233 235 240 243 245 249 250 251 254 256 260 264 265 266 268 270 275 276 277 281 283 284 285 286 289 293 294 295 298 299 300 301 303 304 317 318 319 320 324 325 328 329 330 333 334 336 337 340 343 344 345 360 361 370 371 378 382 386 393 400 401 402 409 411 412 415 421 422 428 430 432 434 440 441 445 446 447 452 458 461 464 466 468 473 478 479 480 481 487 488 498 
	Cluster 0 SSE = 1338.38
Centroid 1 = I, 0.412994, 0.313644, 0.104746, 0.388864, 0.174833, 0.0835085, 0.11496, 7.66102
	Members of Cluster (177): 3 4 7 9 11 13 20 25 26 31 32 33 34 35 37 40 47 50 52 54 55 60 62 63 65 67 71 72 75 76 77 78 79 81 82 90 91 92 94 99 100 103 104 106 109 110 113 114 115 116 118 120 124 125 126 128 129 135 136 137 138 146 147 152 153 160 163 165 167 168 169 170 183 188 192 193 194 200 202 203 205 206 214 216 231 232 234 238 242 248 253 255 257 258 259 262 263 271 272 273 278 287 288 292 296 302 309 310 311 313 314 316 326 331 332 338 339 346 347 348 352 353 354 355 358 359 362 363 364 365 366 367 368 377 383 385 387 391 392 395 396 398 403 404 405 406 410 416 423 425 426 429 433 435 437 443 448 451 453 454 456 457 465 467 469 474 483 484 485 486 489 490 493 494 495 496 499 
	Cluster 1 SSE = 1111.81
Centroid 2 = M, 0.593395, 0.466481, 0.164228, 1.14952, 0.504049, 0.246256, 0.322201, 11.2654
	Members of Cluster (162): 0 6 8 12 15 22 23 24 27 28 29 30 36 41 42 44 45 49 53 57 66 69 70 74 84 85 89 95 97 101 102 105 111 112 117 121 123 130 131 132 134 139 140 142 143 145 148 154 155 157 164 171 172 173 174 175 176 177 178 179 182 186 190 195 198 207 209 210 211 212 215 217 218 220 223 227 228 236 237 239 241 244 246 247 252 261 267 269 274 279 280 282 290 291 297 305 306 307 308 312 315 321 322 323 327 335 341 342 349 350 351 356 357 369 372 373 374 375 376 379 380 381 384 388 389 390 394 397 399 407 408 413 414 417 418 419 420 424 427 431 436 438 439 442 444 449 450 455 459 460 462 463 470 471 472 475 476 477 482 491 492 497 
	Cluster 2 SSE = 1485.67
Total SSE (sum squared-distance of each row with its centroid) = 3935.87
Davies-Bouldin Index: 13.3888
------------------------------------------------------------
Assigning each row to the cluster of the nearest centroid...
------------------------------------------------------------
There are 3 clusters
Recomputing the centroids for each cluster...
Centroid 0 = F, 0.586584, 0.46205, 0.157609, 1.07397, 0.457804, 0.236658, 0.30563, 11.2919
	Members of Cluster (161): 1 2 5 10 14 16 17 18 19 21 38 39 43 46 48 51 56 58 59 61 64 68 73 80 83 86 87 88 93 96 98 107 108 119 122 127 133 141 144 149 150 151 156 158 159 161 162 166 180 181 184 185 187 189 191 196 197 199 201 204 208 213 219 221 222 224 225 226 229 230 233 235 240 243 245 249 250 251 254 256 260 264 265 266 268 270 275 276 277 281 283 284 285 286 289 293 294 295 298 299 300 301 303 304 317 318 319 320 324 325 328 329 330 333 334 336 337 340 343 344 345 360 361 370 371 378 382 386 393 400 401 402 409 411 412 415 421 422 428 430 432 434 440 441 445 446 447 452 458 461 464 466 468 473 478 479 480 481 487 488 498 
	Cluster 0 SSE = 1338.38
Centroid 1 = I, 0.412994, 0.313644, 0.104746, 0.388864, 0.174833, 0.0835085, 0.11496, 7.66102
	Members of Cluster (177): 3 4 7 9 11 13 20 25 26 31 32 33 34 35 37 40 47 50 52 54 55 60 62 63 65 67 71 72 75 76 77 78 79 81 82 90 91 92 94 99 100 103 104 106 109 110 113 114 115 116 118 120 124 125 126 128 129 135 136 137 138 146 147 152 153 160 163 165 167 168 169 170 183 188 192 193 194 200 202 203 205 206 214 216 231 232 234 238 242 248 253 255 257 258 259 262 263 271 272 273 278 287 288 292 296 302 309 310 311 313 314 316 326 331 332 338 339 346 347 348 352 353 354 355 358 359 362 363 364 365 366 367 368 377 383 385 387 391 392 395 396 398 403 404 405 406 410 416 423 425 426 429 433 435 437 443 448 451 453 454 456 457 465 467 469 474 483 484 485 486 489 490 493 494 495 496 499 
	Cluster 1 SSE = 1111.81
Centroid 2 = M, 0.593395, 0.466481, 0.164228, 1.14952, 0.504049, 0.246256, 0.322201, 11.2654
	Members of Cluster (162): 0 6 8 12 15 22 23 24 27 28 29 30 36 41 42 44 45 49 53 57 66 69 70 74 84 85 89 95 97 101 102 105 111 112 117 121 123 130 131 132 134 139 140 142 143 145 148 154 155 157 164 171 172 173 174 175 176 177 178 179 182 186 190 195 198 207 209 210 211 212 215 217 218 220 223 227 228 236 237 239 241 244 246 247 252 261 267 269 274 279 280 282 290 291 297 305 306 307 308 312 315 321 322 323 327 335 341 342 349 350 351 356 357 369 372 373 374 375 376 379 380 381 384 388 389 390 394 397 399 407 408 413 414 417 418 419 420 424 427 431 436 438 439 442 444 449 450 455 459 460 462 463 470 471 472 475 476 477 482 491 492 497 
	Cluster 2 SSE = 1485.67
Total SSE (sum squared-distance of each row with its centroid) = 3935.87
Davies-Bouldin Index: 13.3888
Convergence is detected because the sum squared-distance did not improve, and more than 3 iterations were performed
