Dataset name: ../data/abalone500.arff
Number of instances (rows): 500
Number of attributes (cols): 9
Learning algorithm: clustering
Evaluation method: training
Running k-means...
Centroid 0 = F, 0.848, 0.831683, 0.295918, 0.559587, 0.532984, 0.550089, 0.570508, 0.333333
Centroid 1 = M, 0.64, 0.643564, 0.285714, 0.372917, 0.274356, 0.418605, 0.389202, 0.380952
Centroid 2 = M, 0.864, 0.851485, 0.316327, 0.624763, 0.631717, 0.604651, 0.60838, 0.285714
------------------------------------------------------------
Assigning each row to the cluster of the nearest centroid...
------------------------------------------------------------
There are 3 clusters
Recomputing the centroids for each cluster...
Centroid 0 = F, 0.721006, 0.717674, 0.267017, 0.438976, 0.387144, 0.405777, 0.475828, 0.387511
	Members of Cluster (167): 1 2 5 10 14 16 17 18 19 21 38 39 43 46 48 51 56 58 59 61 64 68 71 73 80 83 86 87 88 93 96 98 107 108 119 122 127 133 141 144 149 150 151 156 158 159 161 162 166 180 181 184 185 189 191 192 196 197 199 201 204 208 213 219 221 222 224 225 226 229 230 233 235 240 243 245 249 250 251 254 256 257 258 260 262 264 265 266 268 270 275 276 277 281 283 284 285 286 289 293 294 295 298 299 300 301 303 304 317 318 319 320 324 325 328 329 330 333 334 336 337 340 343 344 345 360 361 365 367 370 371 378 386 393 400 401 402 409 411 412 415 421 422 428 430 432 434 440 441 445 446 447 452 458 461 464 466 468 473 478 479 480 481 487 488 490 498 
	Cluster 0 SSE = 29.3605
Centroid 1 = I, 0.528812, 0.512581, 0.193839, 0.230913, 0.208288, 0.20638, 0.258729, 0.281955
	Members of Cluster (266): 0 3 4 6 7 9 11 13 15 20 22 23 24 25 26 27 28 29 30 31 32 33 34 35 37 40 41 44 47 50 52 53 54 55 60 62 63 65 66 67 69 72 74 75 76 77 78 79 81 82 89 90 91 92 94 95 99 100 101 102 103 104 105 106 109 110 111 112 113 114 115 116 117 118 120 124 125 126 128 129 130 134 135 136 137 138 139 143 145 146 147 148 152 153 154 155 157 160 163 165 167 168 169 170 171 173 174 175 176 177 178 182 183 186 187 188 190 193 194 195 198 200 202 203 205 206 207 210 211 212 214 215 216 220 223 231 232 234 238 242 246 248 253 255 259 263 267 271 272 273 274 278 279 282 287 288 290 291 292 296 297 302 305 307 308 309 310 311 312 313 314 315 316 321 326 327 331 332 335 338 339 341 346 347 348 349 351 352 353 354 355 356 357 358 359 362 363 364 366 368 372 373 374 376 377 380 382 383 385 387 389 391 392 394 395 396 397 398 403 404 405 406 408 410 416 423 424 425 426 427 429 431 433 435 436 437 442 443 448 451 453 454 456 457 459 463 465 467 469 472 474 475 477 482 483 484 485 486 489 491 492 493 494 495 496 499 
	Cluster 1 SSE = 162.352
Centroid 2 = M, 0.847761, 0.845131, 0.332166, 0.65059, 0.605126, 0.57962, 0.673265, 0.401564
	Members of Cluster (67): 8 12 36 42 45 49 57 70 84 85 97 121 123 131 132 140 142 164 172 179 209 217 218 227 228 236 237 239 241 244 247 252 261 269 280 306 322 323 342 350 369 375 379 381 384 388 390 399 407 413 414 417 418 419 420 438 439 444 449 450 455 460 462 470 471 476 497 
	Cluster 2 SSE = 6.80633
Total SSE (sum squared-distance of each row with its centroid) = 198.518
Davies-Bouldin Index: 0.546935
------------------------------------------------------------
Assigning each row to the cluster of the nearest centroid...
------------------------------------------------------------
There are 3 clusters
Recomputing the centroids for each cluster...
Centroid 0 = F, 0.720337, 0.716987, 0.266966, 0.438693, 0.386898, 0.406088, 0.475525, 0.385829
	Members of Cluster (166): 1 2 5 10 14 16 17 18 19 21 38 39 43 46 48 51 56 58 59 61 64 68 71 73 80 83 86 87 88 93 96 98 107 108 119 122 127 133 141 144 149 150 151 156 158 159 161 162 166 180 181 184 185 189 191 192 196 197 199 201 204 208 213 219 221 222 224 225 226 229 230 233 235 240 243 245 249 250 251 254 256 257 258 260 262 264 265 266 268 270 275 276 277 281 283 284 285 286 289 293 294 295 298 299 300 301 303 304 317 318 319 320 324 325 328 329 330 333 334 336 337 340 343 344 345 360 361 365 367 370 371 378 386 393 400 401 402 409 411 412 415 421 422 428 430 432 434 440 441 445 446 447 452 458 461 464 466 468 473 478 479 480 481 487 488 498 
	Cluster 0 SSE = 28.2474
Centroid 1 = I, 0.452114, 0.431457, 0.162391, 0.158511, 0.146886, 0.138037, 0.180564, 0.230748
	Members of Cluster (175): 3 4 7 9 11 20 25 26 31 32 33 34 35 37 40 47 50 52 54 55 60 62 63 65 67 72 75 76 77 78 79 81 82 90 91 92 94 99 100 103 104 106 109 110 112 113 114 115 116 118 120 124 125 126 128 129 135 136 137 138 146 147 152 153 157 160 163 165 167 168 169 170 177 183 187 188 193 194 200 202 203 205 206 214 216 231 232 234 238 242 248 253 255 259 263 271 272 273 274 278 287 288 292 296 302 309 310 311 313 314 316 326 331 332 338 339 346 348 352 353 354 355 356 358 359 362 363 364 366 368 377 382 383 385 387 391 392 395 396 398 403 404 405 406 410 416 423 425 426 429 431 433 435 437 443 448 451 453 454 456 457 459 465 467 469 474 483 485 486 489 490 493 494 495 499 
	Cluster 1 SSE = 45.6132
Centroid 2 = M, 0.749535, 0.744006, 0.287255, 0.48905, 0.444472, 0.439807, 0.521121, 0.391135
	Members of Cluster (159): 0 6 8 12 13 15 22 23 24 27 28 29 30 36 41 42 44 45 49 53 57 66 69 70 74 84 85 89 95 97 101 102 105 111 117 121 123 130 131 132 134 139 140 142 143 145 148 154 155 164 171 172 173 174 175 176 178 179 182 186 190 195 198 207 209 210 211 212 215 217 218 220 223 227 228 236 237 239 241 244 246 247 252 261 267 269 279 280 282 290 291 297 305 306 307 308 312 315 321 322 323 327 335 341 342 347 349 350 351 357 369 372 373 374 375 376 379 380 381 384 388 389 390 394 397 399 407 408 413 414 417 418 419 420 424 427 436 438 439 442 444 449 450 455 460 462 463 470 471 472 475 476 477 482 484 491 492 496 497 
	Cluster 2 SSE = 26.868
Total SSE (sum squared-distance of each row with its centroid) = 100.729
Davies-Bouldin Index: 0.322026
------------------------------------------------------------
Assigning each row to the cluster of the nearest centroid...
------------------------------------------------------------
There are 3 clusters
Recomputing the centroids for each cluster...
Centroid 0 = F, 0.720337, 0.716987, 0.266966, 0.438693, 0.386898, 0.406088, 0.475525, 0.385829
	Members of Cluster (166): 1 2 5 10 14 16 17 18 19 21 38 39 43 46 48 51 56 58 59 61 64 68 71 73 80 83 86 87 88 93 96 98 107 108 119 122 127 133 141 144 149 150 151 156 158 159 161 162 166 180 181 184 185 189 191 192 196 197 199 201 204 208 213 219 221 222 224 225 226 229 230 233 235 240 243 245 249 250 251 254 256 257 258 260 262 264 265 266 268 270 275 276 277 281 283 284 285 286 289 293 294 295 298 299 300 301 303 304 317 318 319 320 324 325 328 329 330 333 334 336 337 340 343 344 345 360 361 365 367 370 371 378 386 393 400 401 402 409 411 412 415 421 422 428 430 432 434 440 441 445 446 447 452 458 461 464 466 468 473 478 479 480 481 487 488 498 
	Cluster 0 SSE = 28.2474
Centroid 1 = I, 0.453416, 0.432692, 0.162441, 0.160621, 0.149557, 0.138763, 0.182582, 0.227448
	Members of Cluster (161): 3 4 7 9 20 25 26 31 32 33 34 37 40 50 52 54 55 60 62 63 65 67 72 75 76 77 78 79 81 82 90 91 92 94 99 100 103 104 106 110 113 114 115 116 118 120 124 125 126 128 129 135 136 137 138 146 147 152 153 157 160 163 165 167 168 169 170 183 187 188 193 194 200 202 205 206 214 216 231 232 234 238 242 248 253 255 259 263 271 272 273 278 287 288 292 296 302 309 310 311 313 316 326 331 332 338 346 348 352 353 354 355 358 359 362 363 364 366 368 377 382 383 385 387 391 392 395 396 398 403 404 405 406 410 416 423 425 426 429 433 435 437 443 448 451 454 456 457 465 467 469 474 483 485 486 489 490 493 494 495 499 
	Cluster 1 SSE = 31.2201
Centroid 2 = M, 0.724254, 0.717564, 0.277103, 0.460338, 0.417905, 0.414711, 0.491683, 0.381228
	Members of Cluster (173): 0 6 8 11 12 13 15 22 23 24 27 28 29 30 35 36 41 42 44 45 47 49 53 57 66 69 70 74 84 85 89 95 97 101 102 105 109 111 112 117 121 123 130 131 132 134 139 140 142 143 145 148 154 155 164 171 172 173 174 175 176 177 178 179 182 186 190 195 198 203 207 209 210 211 212 215 217 218 220 223 227 228 236 237 239 241 244 246 247 252 261 267 269 274 279 280 282 290 291 297 305 306 307 308 312 314 315 321 322 323 327 335 339 341 342 347 349 350 351 356 357 369 372 373 374 375 376 379 380 381 384 388 389 390 394 397 399 407 408 413 414 417 418 419 420 424 427 431 436 438 439 442 444 449 450 453 455 459 460 462 463 470 471 472 475 476 477 482 484 491 492 496 497 
	Cluster 2 SSE = 36.1714
Total SSE (sum squared-distance of each row with its centroid) = 95.6389
Davies-Bouldin Index: 0.341841
------------------------------------------------------------
Assigning each row to the cluster of the nearest centroid...
------------------------------------------------------------
There are 3 clusters
Recomputing the centroids for each cluster...
Centroid 0 = F, 0.720337, 0.716987, 0.266966, 0.438693, 0.386898, 0.406088, 0.475525, 0.385829
	Members of Cluster (166): 1 2 5 10 14 16 17 18 19 21 38 39 43 46 48 51 56 58 59 61 64 68 71 73 80 83 86 87 88 93 96 98 107 108 119 122 127 133 141 144 149 150 151 156 158 159 161 162 166 180 181 184 185 189 191 192 196 197 199 201 204 208 213 219 221 222 224 225 226 229 230 233 235 240 243 245 249 250 251 254 256 257 258 260 262 264 265 266 268 270 275 276 277 281 283 284 285 286 289 293 294 295 298 299 300 301 303 304 317 318 319 320 324 325 328 329 330 333 334 336 337 340 343 344 345 360 361 365 367 370 371 378 386 393 400 401 402 409 411 412 415 421 422 428 430 432 434 440 441 445 446 447 452 458 461 464 466 468 473 478 479 480 481 487 488 498 
	Cluster 0 SSE = 28.2474
Centroid 1 = I, 0.458718, 0.437801, 0.164181, 0.163907, 0.15286, 0.14161, 0.186032, 0.227106
	Members of Cluster (156): 3 4 9 20 25 26 31 32 33 34 37 40 50 52 54 55 60 62 63 65 67 72 75 76 77 78 79 81 82 90 91 92 94 99 100 103 104 106 110 113 114 115 116 118 124 125 126 128 129 135 136 137 138 146 147 152 153 160 163 165 167 168 169 170 183 187 188 193 194 200 202 205 206 214 216 231 232 234 238 242 248 253 255 259 263 272 273 278 287 288 292 296 302 309 310 311 313 316 326 331 332 338 346 348 352 353 354 355 358 359 362 363 364 366 368 377 382 383 385 387 391 392 395 396 398 403 405 406 410 416 423 425 426 429 433 435 437 443 448 451 454 456 457 465 467 469 474 483 485 486 489 490 493 494 495 499 
	Cluster 1 SSE = 25.6756
Centroid 2 = M, 0.712, 0.705084, 0.272357, 0.449039, 0.407471, 0.404464, 0.479977, 0.377207
	Members of Cluster (178): 0 6 7 8 11 12 13 15 22 23 24 27 28 29 30 35 36 41 42 44 45 47 49 53 57 66 69 70 74 84 85 89 95 97 101 102 105 109 111 112 117 120 121 123 130 131 132 134 139 140 142 143 145 148 154 155 157 164 171 172 173 174 175 176 177 178 179 182 186 190 195 198 203 207 209 210 211 212 215 217 218 220 223 227 228 236 237 239 241 244 246 247 252 261 267 269 271 274 279 280 282 290 291 297 305 306 307 308 312 314 315 321 322 323 327 335 339 341 342 347 349 350 351 356 357 369 372 373 374 375 376 379 380 381 384 388 389 390 394 397 399 404 407 408 413 414 417 418 419 420 424 427 431 436 438 439 442 444 449 450 453 455 459 460 462 463 470 471 472 475 476 477 482 484 491 492 496 497 
	Cluster 2 SSE = 41.2879
Total SSE (sum squared-distance of each row with its centroid) = 95.2109
Davies-Bouldin Index: 0.359094
------------------------------------------------------------
Assigning each row to the cluster of the nearest centroid...
------------------------------------------------------------
There are 3 clusters
Recomputing the centroids for each cluster...
Centroid 0 = F, 0.720337, 0.716987, 0.266966, 0.438693, 0.386898, 0.406088, 0.475525, 0.385829
	Members of Cluster (166): 1 2 5 10 14 16 17 18 19 21 38 39 43 46 48 51 56 58 59 61 64 68 71 73 80 83 86 87 88 93 96 98 107 108 119 122 127 133 141 144 149 150 151 156 158 159 161 162 166 180 181 184 185 189 191 192 196 197 199 201 204 208 213 219 221 222 224 225 226 229 230 233 235 240 243 245 249 250 251 254 256 257 258 260 262 264 265 266 268 270 275 276 277 281 283 284 285 286 289 293 294 295 298 299 300 301 303 304 317 318 319 320 324 325 328 329 330 333 334 336 337 340 343 344 345 360 361 365 367 370 371 378 386 393 400 401 402 409 411 412 415 421 422 428 430 432 434 440 441 445 446 447 452 458 461 464 466 468 473 478 479 480 481 487 488 498 
	Cluster 0 SSE = 28.2474
Centroid 1 = I, 0.461662, 0.440723, 0.165054, 0.165571, 0.154485, 0.143107, 0.187893, 0.22851
	Members of Cluster (154): 3 4 9 20 25 26 31 32 33 34 37 40 50 52 54 55 60 62 63 65 67 72 75 76 77 78 79 81 82 90 91 92 94 99 100 103 104 106 110 113 114 115 116 118 124 125 126 128 129 135 136 137 138 146 147 152 153 160 163 165 167 168 169 170 183 187 188 193 194 200 202 205 206 214 216 231 232 234 238 242 248 253 255 259 263 272 273 278 287 288 292 296 302 309 310 311 313 316 326 331 332 338 346 348 352 353 354 355 358 359 362 363 364 366 368 377 382 383 385 387 391 392 395 396 398 403 405 406 410 416 423 425 426 429 433 435 437 443 448 451 454 456 457 465 467 469 474 483 486 489 490 493 494 499 
	Cluster 1 SSE = 23.3005
Centroid 2 = M, 0.706667, 0.699615, 0.270408, 0.444447, 0.403252, 0.400263, 0.475119, 0.374339
	Members of Cluster (180): 0 6 7 8 11 12 13 15 22 23 24 27 28 29 30 35 36 41 42 44 45 47 49 53 57 66 69 70 74 84 85 89 95 97 101 102 105 109 111 112 117 120 121 123 130 131 132 134 139 140 142 143 145 148 154 155 157 164 171 172 173 174 175 176 177 178 179 182 186 190 195 198 203 207 209 210 211 212 215 217 218 220 223 227 228 236 237 239 241 244 246 247 252 261 267 269 271 274 279 280 282 290 291 297 305 306 307 308 312 314 315 321 322 323 327 335 339 341 342 347 349 350 351 356 357 369 372 373 374 375 376 379 380 381 384 388 389 390 394 397 399 404 407 408 413 414 417 418 419 420 424 427 431 436 438 439 442 444 449 450 453 455 459 460 462 463 470 471 472 475 476 477 482 484 485 491 492 495 496 497 
	Cluster 2 SSE = 43.7014
Total SSE (sum squared-distance of each row with its centroid) = 95.2493
Davies-Bouldin Index: 0.367162
------------------------------------------------------------
Assigning each row to the cluster of the nearest centroid...
------------------------------------------------------------
There are 3 clusters
Recomputing the centroids for each cluster...
Centroid 0 = F, 0.720337, 0.716987, 0.266966, 0.438693, 0.386898, 0.406088, 0.475525, 0.385829
	Members of Cluster (166): 1 2 5 10 14 16 17 18 19 21 38 39 43 46 48 51 56 58 59 61 64 68 71 73 80 83 86 87 88 93 96 98 107 108 119 122 127 133 141 144 149 150 151 156 158 159 161 162 166 180 181 184 185 189 191 192 196 197 199 201 204 208 213 219 221 222 224 225 226 229 230 233 235 240 243 245 249 250 251 254 256 257 258 260 262 264 265 266 268 270 275 276 277 281 283 284 285 286 289 293 294 295 298 299 300 301 303 304 317 318 319 320 324 325 328 329 330 333 334 336 337 340 343 344 345 360 361 365 367 370 371 378 386 393 400 401 402 409 411 412 415 421 422 428 430 432 434 440 441 445 446 447 452 458 461 464 466 468 473 478 479 480 481 487 488 498 
	Cluster 0 SSE = 28.2474
Centroid 1 = I, 0.46332, 0.442374, 0.165466, 0.166422, 0.155269, 0.143867, 0.188842, 0.229069
	Members of Cluster (153): 3 4 9 20 25 26 31 32 33 34 37 40 50 52 54 55 60 62 63 65 67 72 75 76 77 78 79 81 82 90 91 92 94 99 100 103 104 106 110 113 114 115 116 118 124 125 126 128 129 135 136 137 138 146 147 152 153 160 163 165 167 168 169 170 183 187 188 193 194 200 202 205 206 214 216 231 232 234 238 242 248 253 255 259 263 272 273 278 287 288 292 296 302 309 310 311 313 316 326 331 332 338 346 348 352 353 354 355 358 359 362 363 364 366 377 382 383 385 387 391 392 395 396 398 403 405 406 410 416 423 425 426 429 433 435 437 443 448 451 454 456 457 465 467 469 474 483 486 489 490 493 494 499 
	Cluster 1 SSE = 22.0937
Centroid 2 = M, 0.703912, 0.696789, 0.269478, 0.442187, 0.401215, 0.3982, 0.47273, 0.37306
	Members of Cluster (181): 0 6 7 8 11 12 13 15 22 23 24 27 28 29 30 35 36 41 42 44 45 47 49 53 57 66 69 70 74 84 85 89 95 97 101 102 105 109 111 112 117 120 121 123 130 131 132 134 139 140 142 143 145 148 154 155 157 164 171 172 173 174 175 176 177 178 179 182 186 190 195 198 203 207 209 210 211 212 215 217 218 220 223 227 228 236 237 239 241 244 246 247 252 261 267 269 271 274 279 280 282 290 291 297 305 306 307 308 312 314 315 321 322 323 327 335 339 341 342 347 349 350 351 356 357 368 369 372 373 374 375 376 379 380 381 384 388 389 390 394 397 399 404 407 408 413 414 417 418 419 420 424 427 431 436 438 439 442 444 449 450 453 455 459 460 462 463 470 471 472 475 476 477 482 484 485 491 492 495 496 497 
	Cluster 2 SSE = 44.9166
Total SSE (sum squared-distance of each row with its centroid) = 95.2578
Davies-Bouldin Index: 0.371072
------------------------------------------------------------
Assigning each row to the cluster of the nearest centroid...
------------------------------------------------------------
There are 3 clusters
Recomputing the centroids for each cluster...
Centroid 0 = F, 0.720337, 0.716987, 0.266966, 0.438693, 0.386898, 0.406088, 0.475525, 0.385829
	Members of Cluster (166): 1 2 5 10 14 16 17 18 19 21 38 39 43 46 48 51 56 58 59 61 64 68 71 73 80 83 86 87 88 93 96 98 107 108 119 122 127 133 141 144 149 150 151 156 158 159 161 162 166 180 181 184 185 189 191 192 196 197 199 201 204 208 213 219 221 222 224 225 226 229 230 233 235 240 243 245 249 250 251 254 256 257 258 260 262 264 265 266 268 270 275 276 277 281 283 284 285 286 289 293 294 295 298 299 300 301 303 304 317 318 319 320 324 325 328 329 330 333 334 336 337 340 343 344 345 360 361 365 367 370 371 378 386 393 400 401 402 409 411 412 415 421 422 428 430 432 434 440 441 445 446 447 452 458 461 464 466 468 473 478 479 480 481 487 488 498 
	Cluster 0 SSE = 28.2474
Centroid 1 = I, 0.465053, 0.444177, 0.166018, 0.167327, 0.156124, 0.144707, 0.189856, 0.22995
	Members of Cluster (152): 3 4 9 20 25 26 31 32 33 34 37 40 50 52 54 55 60 62 63 65 67 72 75 76 77 78 79 81 82 90 91 92 94 99 100 103 104 106 110 113 114 115 116 118 124 125 126 128 129 135 136 137 138 146 147 152 153 160 163 165 167 168 169 170 183 187 188 193 194 200 202 205 206 214 216 231 232 234 238 242 248 253 255 259 263 272 273 278 287 288 292 296 302 309 310 311 313 316 326 331 332 338 346 348 352 353 354 355 358 359 363 364 366 377 382 383 385 387 391 392 395 396 398 403 405 406 410 416 423 425 426 429 433 435 437 443 448 451 454 456 457 465 467 469 474 483 486 489 490 493 494 499 
	Cluster 1 SSE = 20.8468
Centroid 2 = M, 0.701143, 0.693885, 0.268446, 0.439916, 0.39915, 0.396101, 0.470323, 0.371533
	Members of Cluster (182): 0 6 7 8 11 12 13 15 22 23 24 27 28 29 30 35 36 41 42 44 45 47 49 53 57 66 69 70 74 84 85 89 95 97 101 102 105 109 111 112 117 120 121 123 130 131 132 134 139 140 142 143 145 148 154 155 157 164 171 172 173 174 175 176 177 178 179 182 186 190 195 198 203 207 209 210 211 212 215 217 218 220 223 227 228 236 237 239 241 244 246 247 252 261 267 269 271 274 279 280 282 290 291 297 305 306 307 308 312 314 315 321 322 323 327 335 339 341 342 347 349 350 351 356 357 362 368 369 372 373 374 375 376 379 380 381 384 388 389 390 394 397 399 404 407 408 413 414 417 418 419 420 424 427 431 436 438 439 442 444 449 450 453 455 459 460 462 463 470 471 472 475 476 477 482 484 485 491 492 495 496 497 
	Cluster 2 SSE = 46.2052
Total SSE (sum squared-distance of each row with its centroid) = 95.2995
Davies-Bouldin Index: 0.375208
Convergence is detected because the sum squared-distance did not improve, and more than 3 iterations were performed
