Dataset name: ../data/abalone500.arff
Number of instances (rows): 500
Number of attributes (cols): 9
Learning algorithm: clustering
Evaluation method: training
Running k-means...
Centroid 0 = M, 0.625, 0.495, 0.18, 1.0815, 0.4715, 0.254, 0.3135, 10
Centroid 1 = M, 0.565, 0.455, 0.15, 0.9595, 0.4565, 0.2395, 0.23, 9
Centroid 2 = M, 0.49, 0.38, 0.14, 0.7605, 0.245, 0.167, 0.185, 10
Centroid 3 = I, 0.195, 0.135, 0.04, 0.0325, 0.0135, 0.005, 0.0095, 4
Centroid 4 = F, 0.605, 0.475, 0.175, 1.382, 0.609, 0.2325, 0.3985, 10
Centroid 5 = M, 0.455, 0.35, 0.11, 0.458, 0.2, 0.111, 0.1305, 8
------------------------------------------------------------
Assigning each row to the cluster of the nearest centroid...
------------------------------------------------------------
There are 6 clusters
Recomputing the centroids for each cluster...
Centroid 0 = M, 0.644767, 0.507965, 0.181279, 1.42484, 0.620517, 0.301837, 0.398802, 12.1628
	Members of Cluster (86): 6 12 24 30 36 42 44 45 49 53 57 70 84 85 97 101 102 118 130 131 132 135 140 142 146 164 171 172 174 175 179 190 195 209 211 217 218 220 227 236 237 239 241 247 252 261 269 279 280 290 297 306 322 323 327 342 349 350 373 375 379 380 381 384 388 390 394 407 413 414 417 420 438 439 444 449 450 455 460 462 470 471 476 490 492 497 
	Cluster 0 SSE = 742.029
Centroid 1 = M, 0.556187, 0.43575, 0.148125, 0.890519, 0.400712, 0.193837, 0.251381, 10.0875
	Members of Cluster (80): 0 2 22 23 34 51 52 64 66 73 88 89 100 105 108 109 111 115 117 121 123 127 155 162 165 166 167 170 173 178 180 198 201 207 210 215 225 228 234 240 244 246 271 282 288 291 295 301 304 307 308 321 338 357 359 360 363 369 370 372 374 376 377 382 383 389 399 409 418 419 424 427 433 434 436 442 453 461 475 479 
	Cluster 1 SSE = 477.005
Centroid 2 = M, 0.5062, 0.3996, 0.14, 0.68782, 0.28318, 0.14868, 0.21016, 10.8
	Members of Cluster (25): 15 26 29 41 69 74 80 90 94 113 116 143 145 148 154 189 212 223 341 352 405 463 482 484 496 
	Cluster 2 SSE = 249.816
Centroid 3 = I, 0.368713, 0.276931, 0.0928218, 0.277743, 0.12704, 0.0597921, 0.0825842, 6.9901
	Members of Cluster (101): 3 4 9 25 31 32 33 37 40 54 55 60 62 63 65 67 72 75 78 79 81 82 91 92 99 103 104 106 110 114 124 125 128 129 136 137 138 147 152 153 163 169 183 187 188 193 194 200 202 205 206 214 216 231 232 238 242 248 255 263 272 273 278 296 302 309 311 313 316 331 353 355 358 364 365 366 385 391 392 395 396 406 410 423 425 426 429 435 437 443 448 451 456 465 469 474 486 489 493 494 499 
	Cluster 3 SSE = 580.296
Centroid 4 = F, 0.601548, 0.474444, 0.161786, 1.16244, 0.49321, 0.255667, 0.329782, 11.8254
	Members of Cluster (126): 1 5 10 14 16 17 18 19 21 38 39 43 46 48 56 58 59 61 68 86 87 93 96 98 107 119 122 133 141 144 149 150 151 156 158 159 161 181 184 185 192 196 197 199 204 208 213 219 221 224 226 229 230 235 243 249 250 251 254 256 258 260 262 264 265 266 268 270 275 276 277 281 283 284 285 286 293 294 298 299 300 317 319 320 324 325 328 329 330 333 334 336 337 340 343 344 361 371 378 386 393 400 401 402 411 412 421 422 428 430 440 441 445 446 447 452 458 464 466 468 473 478 480 481 488 498 
	Cluster 4 SSE = 1089.96
Centroid 5 = M, 0.463841, 0.355976, 0.119756, 0.517909, 0.229652, 0.113921, 0.148732, 8.29268
	Members of Cluster (82): 7 8 11 13 20 27 28 35 47 50 71 76 77 83 95 112 120 126 134 139 157 160 168 176 177 182 186 191 203 222 233 245 253 257 259 267 274 287 289 292 303 305 310 312 314 315 318 326 332 335 339 345 346 347 348 351 354 356 362 367 368 387 397 398 403 404 408 415 416 431 432 454 457 459 467 472 477 483 485 487 491 495 
	Cluster 5 SSE = 330.827
Total SSE (sum squared-distance of each row with its centroid) = 3469.93
Davies-Bouldin Index: 91.6394
------------------------------------------------------------
Assigning each row to the cluster of the nearest centroid...
------------------------------------------------------------
There are 6 clusters
Recomputing the centroids for each cluster...
Centroid 0 = M, 0.655077, 0.516462, 0.185615, 1.51478, 0.675885, 0.320854, 0.413515, 11.9692
	Members of Cluster (65): 12 15 16 36 41 42 49 70 84 85 97 102 105 121 131 140 148 156 164 179 209 217 218 227 228 236 237 239 241 244 247 252 254 269 280 306 312 323 333 336 342 343 350 369 375 379 381 388 390 394 399 407 413 418 419 420 438 449 450 462 470 471 476 492 497 
	Cluster 0 SSE = 456.742
Centroid 1 = M, 0.587955, 0.46303, 0.158409, 1.06369, 0.461742, 0.232288, 0.302341, 11.3939
	Members of Cluster (66): 0 6 17 22 23 24 29 30 44 45 53 57 66 89 94 111 113 117 123 130 132 142 143 155 171 173 175 178 190 195 198 207 211 215 220 223 246 279 282 290 291 297 307 308 322 327 357 372 373 374 376 384 389 414 417 424 427 436 439 444 455 460 463 475 482 498 
	Cluster 1 SSE = 574.075
Centroid 2 = M, 0.495909, 0.390682, 0.133864, 0.629705, 0.259545, 0.138273, 0.191977, 10.4091
	Members of Cluster (22): 5 26 69 74 80 90 96 116 145 154 189 212 235 340 341 352 402 405 430 442 484 496 
	Cluster 2 SSE = 238.748
Centroid 3 = I, 0.392695, 0.297188, 0.100195, 0.343504, 0.154562, 0.0733633, 0.10284, 7.50781
	Members of Cluster (128): 3 4 7 9 25 31 32 33 34 37 40 52 54 55 60 62 63 65 67 72 75 78 79 81 82 91 92 99 100 103 104 106 110 114 115 118 124 125 128 129 135 136 137 138 146 147 152 153 160 163 165 167 168 169 170 183 188 193 194 200 202 205 206 214 216 222 231 232 234 238 242 245 248 255 263 272 273 278 287 288 296 302 309 310 311 313 316 331 338 353 355 358 359 363 364 365 366 367 368 377 383 385 391 392 395 396 406 410 423 425 426 429 433 435 437 443 448 451 456 465 469 474 486 489 493 494 495 499 
	Cluster 3 SSE = 950.534
Centroid 4 = F, 0.591419, 0.465709, 0.159324, 1.10117, 0.467885, 0.241389, 0.313503, 11.4189
	Members of Cluster (148): 1 2 10 14 18 19 21 38 39 43 46 48 51 56 58 59 61 64 68 71 73 83 86 87 88 93 98 101 107 108 119 122 127 133 141 144 149 150 151 158 159 161 162 166 172 174 180 181 184 185 187 192 196 197 199 201 204 208 213 219 221 224 225 226 229 230 240 243 249 250 251 256 257 258 260 261 262 264 265 266 268 270 275 276 277 281 283 284 285 286 289 293 294 295 298 299 300 301 304 317 319 320 324 325 328 329 330 334 337 344 349 360 361 370 371 378 380 382 386 393 400 401 409 411 412 421 422 428 434 440 441 445 446 447 452 458 461 464 466 468 473 478 479 480 481 487 488 490 
	Cluster 4 SSE = 1337.8
Centroid 5 = M, 0.472958, 0.363169, 0.121831, 0.542282, 0.241683, 0.118761, 0.156796, 8.29577
	Members of Cluster (71): 8 11 13 20 27 28 35 47 50 76 77 95 109 112 120 126 134 139 157 176 177 182 186 191 203 210 233 253 259 267 271 274 292 303 305 314 315 318 321 326 332 335 339 345 346 347 348 351 354 356 362 387 397 398 403 404 408 415 416 431 432 453 454 457 459 467 472 477 483 485 491 
	Cluster 5 SSE = 199.425
Total SSE (sum squared-distance of each row with its centroid) = 3757.32
Davies-Bouldin Index: 28.0924
------------------------------------------------------------
Assigning each row to the cluster of the nearest centroid...
------------------------------------------------------------
There are 6 clusters
Recomputing the centroids for each cluster...
Centroid 0 = M, 0.6707, 0.5303, 0.1949, 1.66903, 0.74681, 0.35048, 0.45109, 11.76
	Members of Cluster (50): 12 36 42 49 70 84 85 97 121 131 140 179 209 217 218 227 228 236 237 239 241 244 247 269 280 306 322 323 342 350 375 381 388 390 407 411 413 417 418 419 420 438 439 450 455 462 470 471 476 497 
	Cluster 0 SSE = 416.691
Centroid 1 = M, 0.579545, 0.454182, 0.155, 1.02372, 0.436964, 0.219609, 0.294045, 12.1455
	Members of Cluster (55): 0 6 22 23 66 89 101 102 105 111 117 123 155 157 164 172 173 174 175 178 187 195 198 207 215 220 246 252 261 282 291 297 307 308 327 349 357 369 372 373 374 376 379 380 382 389 394 399 424 427 436 449 459 475 492 
	Cluster 1 SSE = 526.022
Centroid 2 = M, 0.544151, 0.427642, 0.146698, 0.84283, 0.364509, 0.184604, 0.247434, 10.4717
	Members of Cluster (53): 5 15 24 26 29 30 41 44 45 53 57 69 74 80 90 94 96 113 116 130 132 142 143 145 148 154 171 189 190 211 212 223 235 267 279 290 312 321 340 341 352 384 402 405 414 430 442 444 460 463 482 484 496 
	Cluster 2 SSE = 296.208
Centroid 3 = I, 0.398015, 0.301912, 0.10136, 0.356618, 0.160221, 0.0760404, 0.106437, 7.55882
	Members of Cluster (136): 3 4 9 11 25 31 32 33 34 37 40 52 54 55 60 62 63 65 67 71 72 75 78 79 81 82 91 92 99 100 103 104 106 110 114 115 118 120 124 125 128 129 135 136 137 138 146 147 152 153 160 163 165 167 168 169 170 183 188 192 193 194 200 202 203 205 206 214 216 231 232 234 238 242 248 255 257 258 262 263 272 273 278 287 288 296 302 309 310 311 313 314 316 331 338 353 355 358 359 363 364 365 366 367 377 383 385 391 392 395 396 404 406 410 423 425 426 429 433 435 437 443 448 451 456 457 465 469 474 483 486 489 490 493 494 499 
	Cluster 3 SSE = 1020.26
Centroid 4 = F, 0.595, 0.468862, 0.160138, 1.11336, 0.474869, 0.246052, 0.315338, 11.4897
	Members of Cluster (145): 1 2 10 14 16 17 18 19 21 38 39 43 46 48 51 56 58 59 61 64 68 73 83 86 87 88 93 98 107 108 119 122 127 133 141 144 149 150 151 156 158 159 161 162 166 180 181 184 185 191 196 197 199 201 204 208 213 219 221 222 224 225 226 229 230 240 243 245 249 250 251 254 256 260 264 265 266 268 270 275 276 277 281 283 284 285 286 289 293 294 295 298 299 300 301 304 317 319 320 324 325 328 329 330 333 334 336 337 343 344 360 361 370 371 378 386 393 400 401 409 412 421 422 428 432 434 440 441 445 446 447 452 458 461 464 466 468 473 478 479 480 481 487 488 498 
	Cluster 4 SSE = 1253.8
Centroid 5 = M, 0.475656, 0.365082, 0.122459, 0.550795, 0.245402, 0.120836, 0.159189, 8.09836
	Members of Cluster (61): 7 8 13 20 27 28 35 47 50 76 77 95 109 112 126 134 139 176 177 182 186 210 233 253 259 271 274 292 303 305 315 318 326 332 335 339 345 346 347 348 351 354 356 362 368 387 397 398 403 408 415 416 431 453 454 467 472 477 485 491 495 
	Cluster 5 SSE = 139.434
Total SSE (sum squared-distance of each row with its centroid) = 3652.41
Davies-Bouldin Index: 11.4079
------------------------------------------------------------
Assigning each row to the cluster of the nearest centroid...
------------------------------------------------------------
There are 6 clusters
Recomputing the centroids for each cluster...
Centroid 0 = M, 0.659906, 0.522925, 0.189811, 1.59513, 0.709491, 0.339009, 0.432198, 11.717
	Members of Cluster (53): 12 22 23 49 70 84 97 101 131 140 172 174 179 198 209 217 218 227 228 236 237 239 241 244 247 261 280 306 323 342 349 350 357 375 380 381 388 389 390 393 411 413 417 419 420 438 446 450 462 470 471 476 497 
	Cluster 0 SSE = 407.603
Centroid 1 = M, 0.575702, 0.450702, 0.157281, 1.01962, 0.437807, 0.21293, 0.294754, 12.2456
	Members of Cluster (57): 0 6 10 15 36 41 42 61 66 85 89 102 105 111 112 117 121 123 148 151 155 164 173 175 178 195 215 220 221 222 246 249 252 266 269 282 297 307 308 312 315 327 369 373 379 386 394 399 407 418 424 427 431 436 449 475 492 
	Cluster 1 SSE = 481.315
Centroid 2 = M, 0.566042, 0.447083, 0.152917, 0.964167, 0.415677, 0.211927, 0.28224, 10.7083
	Members of Cluster (48): 5 24 26 29 30 44 45 53 57 69 74 80 94 96 113 130 132 142 143 154 171 189 190 207 211 223 235 279 290 291 322 340 341 352 372 374 376 384 402 414 430 439 444 455 460 463 482 498 
	Cluster 2 SSE = 281.007
Centroid 3 = I, 0.400321, 0.303857, 0.101929, 0.360496, 0.161814, 0.0769714, 0.107621, 7.60714
	Members of Cluster (140): 3 4 9 11 25 31 32 33 34 37 40 47 52 54 55 60 62 63 65 67 71 72 75 78 79 81 82 90 91 92 99 100 103 104 106 110 114 115 116 118 120 124 125 128 129 135 136 137 138 146 147 152 153 160 163 165 167 168 169 170 183 188 192 193 194 200 202 203 205 206 214 216 231 232 234 238 242 248 255 257 258 262 263 272 273 278 287 288 296 302 309 310 311 313 314 316 331 338 353 355 358 359 363 364 365 366 367 377 383 385 391 392 395 396 404 405 406 410 423 425 426 429 433 435 437 443 448 451 456 457 465 469 474 483 486 489 490 493 494 499 
	Cluster 3 SSE = 1039.27
Centroid 4 = F, 0.597185, 0.470333, 0.159963, 1.11785, 0.476904, 0.247774, 0.315993, 11.5037
	Members of Cluster (135): 1 2 14 16 17 18 19 21 38 39 43 46 48 51 56 58 59 64 68 73 83 86 87 88 93 98 107 108 119 122 127 133 141 144 149 150 156 158 159 161 162 166 180 181 184 185 187 196 197 199 201 204 208 213 219 224 225 226 229 230 240 243 245 250 251 254 256 260 264 265 268 270 275 276 277 281 283 284 285 286 289 293 294 295 298 299 300 301 304 317 319 320 324 325 328 329 330 333 334 336 337 343 344 360 361 370 371 378 382 400 401 409 412 421 422 428 432 434 440 441 445 447 452 458 461 464 466 468 473 478 479 480 481 487 488 
	Cluster 4 SSE = 1232.48
Centroid 5 = M, 0.478284, 0.366791, 0.123731, 0.561813, 0.250172, 0.123493, 0.160746, 8.1791
	Members of Cluster (67): 7 8 13 20 27 28 35 50 76 77 95 109 126 134 139 145 157 176 177 182 186 191 210 212 233 253 259 267 271 274 292 303 305 318 321 326 332 335 339 345 346 347 348 351 354 356 362 368 387 397 398 403 408 415 416 442 453 454 459 467 472 477 484 485 491 495 496 
	Cluster 5 SSE = 201.169
Total SSE (sum squared-distance of each row with its centroid) = 3642.84
Davies-Bouldin Index: 11.5138
------------------------------------------------------------
Assigning each row to the cluster of the nearest centroid...
------------------------------------------------------------
There are 6 clusters
Recomputing the centroids for each cluster...
Centroid 0 = M, 0.656509, 0.52066, 0.189057, 1.57297, 0.696349, 0.334566, 0.428472, 11.7358
	Members of Cluster (53): 12 22 23 36 49 70 84 97 101 121 131 140 172 174 179 198 209 217 218 227 228 236 237 239 241 244 247 261 280 306 323 342 349 350 357 375 380 381 388 389 390 393 411 413 419 420 438 450 462 470 471 476 497 
	Cluster 0 SSE = 411.909
Centroid 1 = M, 0.576444, 0.45, 0.157444, 1.01943, 0.435144, 0.208822, 0.297467, 12.2
	Members of Cluster (45): 6 10 15 41 42 61 66 85 102 105 112 123 148 151 155 164 175 178 195 215 220 221 222 246 249 252 266 269 297 307 312 315 327 369 373 379 386 394 399 407 418 424 431 449 492 
	Cluster 1 SSE = 353.551
Centroid 2 = M, 0.569569, 0.450259, 0.153879, 0.986276, 0.429802, 0.217103, 0.284741, 11
	Members of Cluster (58): 0 5 17 24 29 30 44 45 53 57 74 80 89 94 96 111 113 117 130 132 142 143 154 171 173 189 190 207 211 223 235 279 282 290 291 308 322 340 341 352 372 374 376 384 402 414 417 427 430 436 439 444 455 460 463 475 482 498 
	Cluster 2 SSE = 425.788
Centroid 3 = I, 0.401549, 0.304824, 0.1025, 0.362898, 0.16275, 0.0777113, 0.108113, 7.62676
	Members of Cluster (142): 3 4 9 11 25 26 31 32 33 34 37 40 47 52 54 55 60 62 63 65 67 71 72 75 78 79 81 82 90 91 92 99 100 103 104 106 110 114 115 116 118 120 124 125 128 129 135 136 137 138 146 147 152 153 160 163 165 167 168 169 170 183 188 192 193 194 200 202 203 205 206 214 216 231 232 234 238 242 248 255 257 258 262 263 272 273 278 287 288 296 302 309 310 311 313 314 316 331 338 353 355 358 359 363 364 365 366 367 377 383 385 391 392 395 396 403 404 405 406 410 423 425 426 429 433 435 437 443 448 451 456 457 465 469 474 483 486 489 490 493 494 499 
	Cluster 3 SSE = 1045.22
Centroid 4 = F, 0.599104, 0.471381, 0.160448, 1.12817, 0.482075, 0.249888, 0.31809, 11.5373
	Members of Cluster (134): 1 2 14 16 18 19 21 38 39 43 46 48 51 56 58 59 64 68 73 83 86 87 88 93 98 107 108 119 122 127 133 141 144 149 150 156 158 159 161 162 166 180 181 184 185 187 196 197 199 201 204 208 213 219 224 225 226 229 230 240 243 245 250 251 254 256 260 264 265 268 270 275 276 277 281 283 284 285 286 289 293 294 295 298 299 300 301 304 317 319 320 324 325 328 329 330 333 334 336 337 343 344 360 361 370 371 378 382 400 401 409 412 421 422 428 434 440 441 445 446 447 452 458 461 464 466 468 473 478 479 480 481 487 488 
	Cluster 4 SSE = 1219.2
Centroid 5 = M, 0.479412, 0.368603, 0.124044, 0.570721, 0.252691, 0.125522, 0.164191, 8.25
	Members of Cluster (68): 7 8 13 20 27 28 35 50 69 76 77 95 109 126 134 139 145 157 176 177 182 186 191 210 212 233 253 259 267 271 274 292 303 305 318 321 326 332 335 339 345 346 347 348 351 354 356 362 368 387 397 398 408 415 416 432 442 453 454 459 467 472 477 484 485 491 495 496 
	Cluster 5 SSE = 224.209
Total SSE (sum squared-distance of each row with its centroid) = 3679.88
Davies-Bouldin Index: 18.4953
------------------------------------------------------------
Assigning each row to the cluster of the nearest centroid...
------------------------------------------------------------
There are 6 clusters
Recomputing the centroids for each cluster...
Centroid 0 = M, 0.671731, 0.531058, 0.193269, 1.66358, 0.744038, 0.352202, 0.448587, 11.5385
	Members of Cluster (52): 12 36 49 70 84 97 121 131 132 140 142 179 209 217 218 227 228 236 237 239 241 244 247 280 306 322 323 342 350 375 381 384 388 390 393 411 413 414 417 418 419 420 438 439 450 455 460 462 470 471 476 497 
	Cluster 0 SSE = 434.111
Centroid 1 = M, 0.581078, 0.454608, 0.15902, 1.03693, 0.445147, 0.214343, 0.301833, 12
	Members of Cluster (51): 6 10 15 30 41 42 44 45 53 57 61 66 85 102 105 112 123 148 151 155 164 171 175 178 195 211 220 221 222 249 252 266 269 290 297 307 312 315 327 369 373 379 386 394 399 407 424 431 444 449 492 
	Cluster 1 SSE = 364.534
Centroid 2 = M, 0.559762, 0.440238, 0.150714, 0.925988, 0.39225, 0.207524, 0.272821, 11.6905
	Members of Cluster (42): 0 22 23 24 29 89 101 111 117 130 143 154 157 172 173 174 187 190 198 207 215 223 246 261 279 282 291 308 349 357 372 374 376 380 382 389 427 436 459 463 475 482 
	Cluster 2 SSE = 365.121
Centroid 3 = I, 0.404966, 0.307842, 0.103219, 0.372195, 0.167675, 0.0790582, 0.110729, 7.67808
	Members of Cluster (146): 3 4 9 11 25 26 31 32 33 34 37 40 47 52 54 55 60 62 63 65 67 71 72 75 78 79 81 82 90 91 92 94 99 100 103 104 106 110 113 114 115 116 118 120 124 125 128 129 135 136 137 138 146 147 152 153 160 163 165 167 168 169 170 183 188 192 193 194 200 202 203 205 206 214 216 231 232 234 238 242 248 255 257 258 262 263 272 273 278 287 288 296 302 309 310 311 313 314 316 331 332 338 352 353 355 358 359 363 364 365 366 367 377 383 385 391 392 395 396 403 404 405 406 410 423 425 426 429 433 435 437 443 448 451 456 457 465 469 474 483 486 489 490 493 494 499 
	Cluster 3 SSE = 1062.75
Centroid 4 = F, 0.592641, 0.467254, 0.158803, 1.09962, 0.469285, 0.24412, 0.311169, 11.4366
	Members of Cluster (142): 1 2 5 14 16 17 18 19 21 38 39 43 46 48 51 56 58 59 64 68 73 80 83 86 87 88 93 96 98 107 108 119 122 127 133 141 144 149 150 156 158 159 161 162 166 180 181 184 185 189 196 197 199 201 204 208 213 219 224 225 226 229 230 235 240 243 245 250 251 254 256 260 264 265 268 270 275 276 277 281 283 284 285 286 289 293 294 295 298 299 300 301 304 317 319 320 324 325 328 329 330 333 334 336 337 340 343 344 360 361 370 371 378 400 401 402 409 412 421 422 428 430 434 440 441 445 446 447 452 458 461 464 466 468 473 478 479 480 481 487 488 498 
	Cluster 4 SSE = 1241.82
Centroid 5 = M, 0.482313, 0.371493, 0.125522, 0.584978, 0.258537, 0.128463, 0.167463, 8.22388
	Members of Cluster (67): 7 8 13 20 27 28 35 50 69 74 76 77 95 109 126 134 139 145 176 177 182 186 191 210 212 233 253 259 267 271 274 292 303 305 318 321 326 335 339 341 345 346 347 348 351 354 356 362 368 387 397 398 408 415 416 432 442 453 454 467 472 477 484 485 491 495 496 
	Cluster 5 SSE = 213.827
Total SSE (sum squared-distance of each row with its centroid) = 3682.16
Davies-Bouldin Index: 15.8356
------------------------------------------------------------
Assigning each row to the cluster of the nearest centroid...
------------------------------------------------------------
There are 6 clusters
Recomputing the centroids for each cluster...
Centroid 0 = M, 0.677143, 0.535612, 0.195714, 1.71488, 0.768633, 0.361469, 0.458173, 11.5306
	Members of Cluster (49): 12 49 70 84 97 131 132 140 142 179 209 217 218 227 236 237 239 244 247 265 280 306 322 323 342 350 375 381 384 388 390 393 411 413 414 417 419 420 438 439 446 450 455 460 462 470 471 476 497 
	Cluster 0 SSE = 396.876
Centroid 1 = M, 0.58678, 0.459068, 0.160508, 1.05847, 0.458475, 0.221229, 0.306534, 11.7966
	Members of Cluster (59): 6 10 15 30 36 41 42 44 45 53 57 61 66 85 102 105 112 121 123 148 151 155 164 171 175 178 190 195 211 215 220 221 222 228 241 246 249 252 266 269 290 297 307 312 315 327 369 373 379 386 394 399 407 418 424 431 444 449 492 
	Cluster 1 SSE = 428.74
Centroid 2 = M, 0.55561, 0.437805, 0.149756, 0.911695, 0.379537, 0.204439, 0.272524, 11.878
	Members of Cluster (41): 0 22 23 24 29 69 89 101 111 117 130 143 154 157 172 173 174 187 198 207 223 261 279 282 291 308 313 349 357 372 374 376 380 382 389 427 436 459 463 475 482 
	Cluster 2 SSE = 349.622
Centroid 3 = I, 0.404172, 0.307138, 0.102966, 0.370193, 0.166917, 0.078531, 0.110141, 7.65517
	Members of Cluster (145): 3 4 9 11 25 26 31 32 33 34 37 40 47 52 54 55 60 62 63 65 67 71 72 75 78 79 81 82 90 91 92 94 99 100 103 104 106 110 113 114 115 116 118 120 124 125 128 129 135 136 137 138 146 147 152 153 160 163 165 167 168 169 170 183 188 192 193 194 200 202 203 205 206 214 216 231 232 234 238 242 248 255 257 258 262 263 272 273 278 287 288 296 302 309 310 311 314 316 331 332 338 352 353 355 358 359 363 364 365 366 367 377 383 385 391 392 395 396 403 404 405 406 410 423 425 426 429 433 435 437 443 448 451 456 457 465 469 474 483 486 489 490 493 494 499 
	Cluster 3 SSE = 1051.5
Centroid 4 = F, 0.590607, 0.465643, 0.158, 1.08572, 0.462568, 0.241357, 0.30815, 11.45
	Members of Cluster (140): 1 2 5 14 16 17 18 19 21 38 39 43 46 48 51 56 58 59 64 68 73 80 83 86 87 88 93 96 98 107 108 119 122 127 133 141 144 149 150 156 158 159 161 162 166 180 181 184 185 189 196 197 199 201 204 208 213 219 224 225 226 229 230 235 240 243 245 250 251 254 256 260 264 268 270 275 276 277 281 283 284 285 286 289 293 294 295 298 299 300 301 304 317 319 320 324 325 328 329 330 333 334 336 337 340 343 344 360 361 370 371 378 400 401 402 409 412 421 422 428 430 434 440 441 445 447 452 458 461 464 466 468 473 478 479 480 481 487 488 498 
	Cluster 4 SSE = 1236.91
Centroid 5 = M, 0.481818, 0.370758, 0.125303, 0.582189, 0.258659, 0.128076, 0.165606, 8.15152
	Members of Cluster (66): 7 8 13 20 27 28 35 50 74 76 77 95 109 126 134 139 145 176 177 182 186 191 210 212 233 253 259 267 271 274 292 303 305 318 321 326 335 339 341 345 346 347 348 351 354 356 362 368 387 397 398 408 415 416 432 442 453 454 467 472 477 484 485 491 495 496 
	Cluster 5 SSE = 190.617
Total SSE (sum squared-distance of each row with its centroid) = 3654.27
Davies-Bouldin Index: 181.1
------------------------------------------------------------
Assigning each row to the cluster of the nearest centroid...
------------------------------------------------------------
There are 6 clusters
Recomputing the centroids for each cluster...
Centroid 0 = M, 0.6775, 0.536562, 0.197813, 1.74135, 0.782, 0.363927, 0.464219, 11.6667
	Members of Cluster (48): 42 49 70 84 85 97 131 132 140 142 179 209 217 218 227 236 237 239 244 247 265 269 280 306 322 323 342 375 381 388 390 393 407 411 413 414 417 419 420 438 439 446 455 462 470 471 476 497 
	Cluster 0 SSE = 390.566
Centroid 1 = M, 0.613302, 0.480566, 0.164528, 1.16443, 0.50867, 0.250566, 0.330877, 11.4906
	Members of Cluster (53): 6 12 23 30 36 44 45 53 57 66 101 102 105 121 123 155 164 171 172 174 175 178 190 195 211 215 220 228 241 246 252 261 290 297 307 327 349 350 369 373 379 380 382 384 394 399 418 424 444 449 450 460 492 
	Cluster 1 SSE = 423.544
Centroid 2 = M, 0.543676, 0.427206, 0.1475, 0.857162, 0.355588, 0.190162, 0.258779, 12.0882
	Members of Cluster (34): 0 22 24 29 69 89 111 117 130 143 148 154 157 173 187 198 207 223 279 282 291 308 313 357 372 374 376 389 427 436 459 463 475 482 
	Cluster 2 SSE = 340.244
Centroid 3 = I, 0.404172, 0.307138, 0.102966, 0.370193, 0.166917, 0.078531, 0.110141, 7.65517
	Members of Cluster (145): 3 4 9 11 25 26 31 32 33 34 37 40 47 52 54 55 60 62 63 65 67 71 72 75 78 79 81 82 90 91 92 94 99 100 103 104 106 110 113 114 115 116 118 120 124 125 128 129 135 136 137 138 146 147 152 153 160 163 165 167 168 169 170 183 188 192 193 194 200 202 203 205 206 214 216 231 232 234 238 242 248 255 257 258 262 263 272 273 278 287 288 296 302 309 310 311 314 316 331 332 338 352 353 355 358 359 363 364 365 366 367 377 383 385 391 392 395 396 403 404 405 406 410 423 425 426 429 433 435 437 443 448 451 456 457 465 469 474 483 486 489 490 493 494 499 
	Cluster 3 SSE = 1051.5
Centroid 4 = F, 0.586879, 0.462852, 0.157584, 1.06763, 0.453188, 0.236668, 0.304701, 11.4564
	Members of Cluster (149): 1 2 5 10 14 16 17 18 19 21 38 39 43 46 48 51 56 58 59 61 64 68 73 80 83 86 87 88 93 96 98 107 108 119 122 127 133 141 144 149 150 151 156 158 159 161 162 166 180 181 184 185 189 196 197 199 201 204 208 213 219 221 222 224 225 226 229 230 235 240 243 245 249 250 251 254 256 260 264 266 268 270 275 276 277 281 283 284 285 286 289 293 294 295 298 299 300 301 304 317 319 320 324 325 328 329 330 333 334 336 337 340 343 344 360 361 370 371 378 386 400 401 402 409 412 421 422 428 430 432 434 440 441 445 447 452 458 461 464 466 468 473 478 479 480 481 487 488 498 
	Cluster 4 SSE = 1253.06
Centroid 5 = M, 0.480423, 0.369366, 0.12507, 0.574113, 0.253444, 0.125521, 0.165669, 8.47887
	Members of Cluster (71): 7 8 13 15 20 27 28 35 41 50 74 76 77 95 109 112 126 134 139 145 176 177 182 186 191 210 212 233 253 259 267 271 274 292 303 305 312 315 318 321 326 335 339 341 345 346 347 348 351 354 356 362 368 387 397 398 408 415 416 431 442 453 454 467 472 477 484 485 491 495 496 
	Cluster 5 SSE = 270.934
Total SSE (sum squared-distance of each row with its centroid) = 3729.86
Davies-Bouldin Index: 20.6786
------------------------------------------------------------
Assigning each row to the cluster of the nearest centroid...
------------------------------------------------------------
There are 6 clusters
Recomputing the centroids for each cluster...
Centroid 0 = M, 0.6835, 0.541, 0.202125, 1.8033, 0.813075, 0.382587, 0.472125, 11.475
	Members of Cluster (40): 42 49 70 84 131 132 140 142 179 209 218 227 236 237 239 244 247 265 280 306 322 323 342 381 388 390 393 411 413 417 419 438 439 446 455 462 470 471 476 497 
	Cluster 0 SSE = 276.546
Centroid 1 = M, 0.612909, 0.482727, 0.164091, 1.17006, 0.5094, 0.249809, 0.336682, 11.5636
	Members of Cluster (55): 6 12 22 23 30 36 44 45 53 57 66 97 101 102 105 121 123 155 171 172 174 175 195 198 211 217 220 228 241 252 261 290 297 307 327 349 350 357 369 375 379 380 384 389 394 399 414 418 420 424 444 450 459 460 492 
	Cluster 1 SSE = 498.174
Centroid 2 = M, 0.546667, 0.427708, 0.150938, 0.887792, 0.368365, 0.191719, 0.264396, 12.1458
	Members of Cluster (48): 0 10 15 24 29 41 61 69 85 89 111 112 117 130 143 148 151 154 164 173 178 190 207 215 221 222 223 246 269 279 282 291 308 312 315 341 372 373 374 376 407 427 431 436 449 463 475 482 
	Cluster 2 SSE = 381.246
Centroid 3 = I, 0.404966, 0.307842, 0.103219, 0.372195, 0.167675, 0.0790582, 0.110729, 7.67808
	Members of Cluster (146): 3 4 9 11 25 26 31 32 33 34 37 40 47 52 54 55 60 62 63 65 67 71 72 75 78 79 81 82 90 91 92 94 99 100 103 104 106 110 113 114 115 116 118 120 124 125 128 129 135 136 137 138 146 147 152 153 160 163 165 167 168 169 170 183 188 192 193 194 200 202 203 205 206 214 216 231 232 234 238 242 248 255 257 258 262 263 272 273 278 287 288 296 302 309 310 311 313 314 316 331 332 338 352 353 355 358 359 363 364 365 366 367 377 383 385 391 392 395 396 403 404 405 406 410 423 425 426 429 433 435 437 443 448 451 456 457 465 469 474 483 486 489 490 493 494 499 
	Cluster 3 SSE = 1062.75
Centroid 4 = F, 0.589558, 0.46466, 0.157517, 1.07715, 0.45901, 0.238517, 0.30698, 11.4082
	Members of Cluster (147): 1 2 5 14 16 17 18 19 21 38 39 43 46 48 51 56 58 59 64 68 73 80 83 86 87 88 93 96 98 107 108 119 122 127 133 141 144 149 150 156 158 159 161 162 166 180 181 184 185 187 189 191 196 197 199 201 204 208 213 219 224 225 226 229 230 235 240 243 245 249 250 251 254 256 260 264 266 268 270 275 276 277 281 283 284 285 286 289 293 294 295 298 299 300 301 304 317 319 320 324 325 328 329 330 333 334 336 337 340 343 344 360 361 370 371 378 382 386 400 401 402 409 412 421 422 428 430 432 434 440 441 445 447 452 458 461 464 466 468 473 478 479 480 481 487 488 498 
	Cluster 4 SSE = 1264.21
Centroid 5 = M, 0.477969, 0.367266, 0.124063, 0.565305, 0.252055, 0.123852, 0.161953, 8.17188
	Members of Cluster (64): 7 8 13 20 27 28 35 50 74 76 77 95 109 126 134 139 145 157 176 177 182 186 210 212 233 253 259 267 271 274 292 303 305 318 321 326 335 339 345 346 347 348 351 354 356 362 368 387 397 398 408 415 416 442 453 454 467 472 477 484 485 491 495 496 
	Cluster 5 SSE = 193.275
Total SSE (sum squared-distance of each row with its centroid) = 3676.2
Davies-Bouldin Index: 17.988
------------------------------------------------------------
Assigning each row to the cluster of the nearest centroid...
------------------------------------------------------------
There are 6 clusters
Recomputing the centroids for each cluster...
Centroid 0 = M, 0.686389, 0.543194, 0.20375, 1.84204, 0.83025, 0.388528, 0.478833, 11.5278
	Members of Cluster (36): 42 49 70 84 131 179 209 218 227 236 237 239 244 247 265 280 306 322 323 342 381 388 393 411 413 417 419 438 439 446 455 462 470 471 476 497 
	Cluster 0 SSE = 268.847
Centroid 1 = M, 0.615932, 0.485339, 0.165678, 1.18936, 0.519508, 0.255186, 0.341771, 11.5254
	Members of Cluster (59): 6 12 22 23 30 36 44 45 53 57 66 97 101 102 105 121 123 132 140 142 155 171 172 174 175 195 198 211 217 220 228 241 252 261 290 297 307 327 349 350 357 369 375 379 380 384 389 390 394 399 414 418 420 424 444 450 459 460 492 
	Cluster 1 SSE = 505.817
Centroid 2 = M, 0.548229, 0.429167, 0.151458, 0.892292, 0.369969, 0.193323, 0.26825, 12.1875
	Members of Cluster (48): 0 10 15 24 29 41 61 69 85 89 111 112 117 130 143 148 151 154 164 173 178 190 207 215 221 222 223 246 269 279 282 291 308 312 315 372 373 374 376 386 407 427 431 436 449 463 475 482 
	Cluster 2 SSE = 377.558
Centroid 3 = I, 0.404966, 0.307842, 0.103219, 0.372195, 0.167675, 0.0790582, 0.110729, 7.67808
	Members of Cluster (146): 3 4 9 11 25 26 31 32 33 34 37 40 47 52 54 55 60 62 63 65 67 71 72 75 78 79 81 82 90 91 92 94 99 100 103 104 106 110 113 114 115 116 118 120 124 125 128 129 135 136 137 138 146 147 152 153 160 163 165 167 168 169 170 183 188 192 193 194 200 202 203 205 206 214 216 231 232 234 238 242 248 255 257 258 262 263 272 273 278 287 288 296 302 309 310 311 313 314 316 331 332 338 352 353 355 358 359 363 364 365 366 367 377 383 385 391 392 395 396 403 404 405 406 410 423 425 426 429 433 435 437 443 448 451 456 457 465 469 474 483 486 489 490 493 494 499 
	Cluster 3 SSE = 1062.75
Centroid 4 = F, 0.589726, 0.46476, 0.157466, 1.07784, 0.459949, 0.238479, 0.306548, 11.4041
	Members of Cluster (146): 1 2 5 14 16 17 18 19 21 38 39 43 46 48 51 56 58 59 64 68 73 80 83 86 87 88 93 96 98 107 108 119 122 127 133 141 144 149 150 156 158 159 161 162 166 180 181 184 185 187 189 191 196 197 199 201 204 208 213 219 224 225 226 229 230 235 240 243 245 249 250 251 254 256 260 264 266 268 270 275 276 277 281 283 284 285 286 289 293 294 295 298 299 300 301 304 317 319 320 324 325 328 329 330 333 334 336 337 340 343 344 360 361 370 371 378 382 400 401 402 409 412 421 422 428 430 432 434 440 441 445 447 452 458 461 464 466 468 473 478 479 480 481 487 488 498 
	Cluster 4 SSE = 1263.82
Centroid 5 = M, 0.478154, 0.367462, 0.124308, 0.568308, 0.251946, 0.124515, 0.162308, 8.2
	Members of Cluster (65): 7 8 13 20 27 28 35 50 74 76 77 95 109 126 134 139 145 157 176 177 182 186 210 212 233 253 259 267 271 274 292 303 305 318 321 326 335 339 341 345 346 347 348 351 354 356 362 368 387 397 398 408 415 416 442 453 454 467 472 477 484 485 491 495 496 
	Cluster 5 SSE = 196.606
Total SSE (sum squared-distance of each row with its centroid) = 3675.4
Davies-Bouldin Index: 17.2912
------------------------------------------------------------
Assigning each row to the cluster of the nearest centroid...
------------------------------------------------------------
There are 6 clusters
Recomputing the centroids for each cluster...
Centroid 0 = M, 0.686389, 0.543194, 0.20375, 1.84204, 0.83025, 0.388528, 0.478833, 11.5278
	Members of Cluster (36): 42 49 70 84 131 179 209 218 227 236 237 239 244 247 265 280 306 322 323 342 381 388 393 411 413 417 419 438 439 446 455 462 470 471 476 497 
	Cluster 0 SSE = 268.847
Centroid 1 = M, 0.615789, 0.485614, 0.165965, 1.19526, 0.522061, 0.256763, 0.343088, 11.4211
	Members of Cluster (57): 6 12 22 23 30 36 44 45 53 57 97 101 102 105 121 123 132 140 142 155 171 172 174 175 198 211 217 220 228 241 252 261 290 297 307 327 349 350 357 369 375 379 380 384 389 390 394 399 414 418 420 424 444 450 459 460 492 
	Cluster 1 SSE = 426.92
Centroid 2 = M, 0.5511, 0.4311, 0.1517, 0.89744, 0.37304, 0.194, 0.26969, 12.28
	Members of Cluster (50): 0 10 15 24 29 41 61 66 69 85 89 111 112 117 130 143 148 151 154 164 173 178 190 195 207 215 221 222 223 246 269 279 282 291 308 312 315 372 373 374 376 386 407 427 431 436 449 463 475 482 
	Cluster 2 SSE = 448.389
Centroid 3 = I, 0.404966, 0.307842, 0.103219, 0.372195, 0.167675, 0.0790582, 0.110729, 7.67808
	Members of Cluster (146): 3 4 9 11 25 26 31 32 33 34 37 40 47 52 54 55 60 62 63 65 67 71 72 75 78 79 81 82 90 91 92 94 99 100 103 104 106 110 113 114 115 116 118 120 124 125 128 129 135 136 137 138 146 147 152 153 160 163 165 167 168 169 170 183 188 192 193 194 200 202 203 205 206 214 216 231 232 234 238 242 248 255 257 258 262 263 272 273 278 287 288 296 302 309 310 311 313 314 316 331 332 338 352 353 355 358 359 363 364 365 366 367 377 383 385 391 392 395 396 403 404 405 406 410 423 425 426 429 433 435 437 443 448 451 456 457 465 469 474 483 486 489 490 493 494 499 
	Cluster 3 SSE = 1062.75
Centroid 4 = F, 0.589726, 0.46476, 0.157466, 1.07784, 0.459949, 0.238479, 0.306548, 11.4041
	Members of Cluster (146): 1 2 5 14 16 17 18 19 21 38 39 43 46 48 51 56 58 59 64 68 73 80 83 86 87 88 93 96 98 107 108 119 122 127 133 141 144 149 150 156 158 159 161 162 166 180 181 184 185 187 189 191 196 197 199 201 204 208 213 219 224 225 226 229 230 235 240 243 245 249 250 251 254 256 260 264 266 268 270 275 276 277 281 283 284 285 286 289 293 294 295 298 299 300 301 304 317 319 320 324 325 328 329 330 333 334 336 337 340 343 344 360 361 370 371 378 382 400 401 402 409 412 421 422 428 430 432 434 440 441 445 447 452 458 461 464 466 468 473 478 479 480 481 487 488 498 
	Cluster 4 SSE = 1263.82
Centroid 5 = M, 0.478154, 0.367462, 0.124308, 0.568308, 0.251946, 0.124515, 0.162308, 8.2
	Members of Cluster (65): 7 8 13 20 27 28 35 50 74 76 77 95 109 126 134 139 145 157 176 177 182 186 210 212 233 253 259 267 271 274 292 303 305 318 321 326 335 339 341 345 346 347 348 351 354 356 362 368 387 397 398 408 415 416 442 453 454 467 472 477 484 485 491 495 496 
	Cluster 5 SSE = 196.606
Total SSE (sum squared-distance of each row with its centroid) = 3667.33
Davies-Bouldin Index: 16.861
------------------------------------------------------------
Assigning each row to the cluster of the nearest centroid...
------------------------------------------------------------
There are 6 clusters
Recomputing the centroids for each cluster...
Centroid 0 = M, 0.686857, 0.543714, 0.204429, 1.85206, 0.833171, 0.389829, 0.481629, 11.6
	Members of Cluster (35): 42 49 70 84 131 179 209 218 227 236 237 239 244 247 265 280 306 322 323 342 381 388 393 411 413 417 438 439 446 455 462 470 471 476 497 
	Cluster 0 SSE = 262.125
Centroid 1 = M, 0.616724, 0.486293, 0.166207, 1.20037, 0.525612, 0.25825, 0.343741, 11.3793
	Members of Cluster (58): 6 12 22 23 30 36 44 45 53 57 97 101 102 105 121 123 132 140 142 155 171 172 174 175 198 211 217 220 228 241 252 261 290 297 307 327 349 350 357 369 375 379 380 384 389 390 394 399 414 418 419 420 424 444 450 459 460 492 
	Cluster 1 SSE = 432.822
Centroid 2 = M, 0.5511, 0.4311, 0.1517, 0.89744, 0.37304, 0.194, 0.26969, 12.28
	Members of Cluster (50): 0 10 15 24 29 41 61 66 69 85 89 111 112 117 130 143 148 151 154 164 173 178 190 195 207 215 221 222 223 246 269 279 282 291 308 312 315 372 373 374 376 386 407 427 431 436 449 463 475 482 
	Cluster 2 SSE = 448.389
Centroid 3 = I, 0.404966, 0.307842, 0.103219, 0.372195, 0.167675, 0.0790582, 0.110729, 7.67808
	Members of Cluster (146): 3 4 9 11 25 26 31 32 33 34 37 40 47 52 54 55 60 62 63 65 67 71 72 75 78 79 81 82 90 91 92 94 99 100 103 104 106 110 113 114 115 116 118 120 124 125 128 129 135 136 137 138 146 147 152 153 160 163 165 167 168 169 170 183 188 192 193 194 200 202 203 205 206 214 216 231 232 234 238 242 248 255 257 258 262 263 272 273 278 287 288 296 302 309 310 311 313 314 316 331 332 338 352 353 355 358 359 363 364 365 366 367 377 383 385 391 392 395 396 403 404 405 406 410 423 425 426 429 433 435 437 443 448 451 456 457 465 469 474 483 486 489 490 493 494 499 
	Cluster 3 SSE = 1062.75
Centroid 4 = F, 0.589726, 0.46476, 0.157466, 1.07784, 0.459949, 0.238479, 0.306548, 11.4041
	Members of Cluster (146): 1 2 5 14 16 17 18 19 21 38 39 43 46 48 51 56 58 59 64 68 73 80 83 86 87 88 93 96 98 107 108 119 122 127 133 141 144 149 150 156 158 159 161 162 166 180 181 184 185 187 189 191 196 197 199 201 204 208 213 219 224 225 226 229 230 235 240 243 245 249 250 251 254 256 260 264 266 268 270 275 276 277 281 283 284 285 286 289 293 294 295 298 299 300 301 304 317 319 320 324 325 328 329 330 333 334 336 337 340 343 344 360 361 370 371 378 382 400 401 402 409 412 421 422 428 430 432 434 440 441 445 447 452 458 461 464 466 468 473 478 479 480 481 487 488 498 
	Cluster 4 SSE = 1263.82
Centroid 5 = M, 0.478154, 0.367462, 0.124308, 0.568308, 0.251946, 0.124515, 0.162308, 8.2
	Members of Cluster (65): 7 8 13 20 27 28 35 50 74 76 77 95 109 126 134 139 145 157 176 177 182 186 210 212 233 253 259 267 271 274 292 303 305 318 321 326 335 339 341 345 346 347 348 351 354 356 362 368 387 397 398 408 415 416 442 453 454 467 472 477 484 485 491 495 496 
	Cluster 5 SSE = 196.606
Total SSE (sum squared-distance of each row with its centroid) = 3666.51
Davies-Bouldin Index: 16.7321
------------------------------------------------------------
Assigning each row to the cluster of the nearest centroid...
------------------------------------------------------------
There are 6 clusters
Recomputing the centroids for each cluster...
Centroid 0 = M, 0.687353, 0.544706, 0.205294, 1.86163, 0.838529, 0.388132, 0.485647, 11.6471
	Members of Cluster (34): 42 49 70 84 131 179 209 218 227 236 237 239 244 247 265 280 306 322 323 342 381 388 393 411 413 417 438 446 455 462 470 471 476 497 
	Cluster 0 SSE = 259.321
Centroid 1 = M, 0.619655, 0.488707, 0.166638, 1.20839, 0.528319, 0.262121, 0.344586, 11.3966
	Members of Cluster (58): 6 12 22 23 30 36 44 45 53 57 97 101 102 105 121 123 132 140 142 171 172 174 175 198 211 217 220 228 241 252 261 290 297 307 327 349 350 357 369 375 379 380 384 389 390 394 399 414 418 419 420 424 439 444 450 459 460 492 
	Cluster 1 SSE = 429.15
Centroid 2 = M, 0.550098, 0.429902, 0.151667, 0.900657, 0.375412, 0.194569, 0.270206, 12.2157
	Members of Cluster (51): 0 10 15 24 29 41 61 66 69 85 89 111 112 117 130 143 148 151 154 155 164 173 178 190 195 207 215 221 222 223 246 269 279 282 291 308 312 315 372 373 374 376 386 407 427 431 436 449 463 475 482 
	Cluster 2 SSE = 458.985
Centroid 3 = I, 0.404966, 0.307842, 0.103219, 0.372195, 0.167675, 0.0790582, 0.110729, 7.67808
	Members of Cluster (146): 3 4 9 11 25 26 31 32 33 34 37 40 47 52 54 55 60 62 63 65 67 71 72 75 78 79 81 82 90 91 92 94 99 100 103 104 106 110 113 114 115 116 118 120 124 125 128 129 135 136 137 138 146 147 152 153 160 163 165 167 168 169 170 183 188 192 193 194 200 202 203 205 206 214 216 231 232 234 238 242 248 255 257 258 262 263 272 273 278 287 288 296 302 309 310 311 313 314 316 331 332 338 352 353 355 358 359 363 364 365 366 367 377 383 385 391 392 395 396 403 404 405 406 410 423 425 426 429 433 435 437 443 448 451 456 457 465 469 474 483 486 489 490 493 494 499 
	Cluster 3 SSE = 1062.75
Centroid 4 = F, 0.589726, 0.46476, 0.157466, 1.07784, 0.459949, 0.238479, 0.306548, 11.4041
	Members of Cluster (146): 1 2 5 14 16 17 18 19 21 38 39 43 46 48 51 56 58 59 64 68 73 80 83 86 87 88 93 96 98 107 108 119 122 127 133 141 144 149 150 156 158 159 161 162 166 180 181 184 185 187 189 191 196 197 199 201 204 208 213 219 224 225 226 229 230 235 240 243 245 249 250 251 254 256 260 264 266 268 270 275 276 277 281 283 284 285 286 289 293 294 295 298 299 300 301 304 317 319 320 324 325 328 329 330 333 334 336 337 340 343 344 360 361 370 371 378 382 400 401 402 409 412 421 422 428 430 432 434 440 441 445 447 452 458 461 464 466 468 473 478 479 480 481 487 488 498 
	Cluster 4 SSE = 1263.82
Centroid 5 = M, 0.478154, 0.367462, 0.124308, 0.568308, 0.251946, 0.124515, 0.162308, 8.2
	Members of Cluster (65): 7 8 13 20 27 28 35 50 74 76 77 95 109 126 134 139 145 157 176 177 182 186 210 212 233 253 259 267 271 274 292 303 305 318 321 326 335 339 341 345 346 347 348 351 354 356 362 368 387 397 398 408 415 416 442 453 454 467 472 477 484 485 491 495 496 
	Cluster 5 SSE = 196.606
Total SSE (sum squared-distance of each row with its centroid) = 3670.63
Davies-Bouldin Index: 16.7036
------------------------------------------------------------
Assigning each row to the cluster of the nearest centroid...
------------------------------------------------------------
There are 6 clusters
Recomputing the centroids for each cluster...
Centroid 0 = M, 0.687353, 0.544706, 0.205294, 1.86163, 0.838529, 0.388132, 0.485647, 11.6471
	Members of Cluster (34): 42 49 70 84 131 179 209 218 227 236 237 239 244 247 265 280 306 322 323 342 381 388 393 411 413 417 438 446 455 462 470 471 476 497 
	Cluster 0 SSE = 259.321
Centroid 1 = M, 0.619655, 0.488707, 0.166638, 1.20839, 0.528319, 0.262121, 0.344586, 11.3966
	Members of Cluster (58): 6 12 22 23 30 36 44 45 53 57 97 101 102 105 121 123 132 140 142 171 172 174 175 198 211 217 220 228 241 252 261 290 297 307 327 349 350 357 369 375 379 380 384 389 390 394 399 414 418 419 420 424 439 444 450 459 460 492 
	Cluster 1 SSE = 429.15
Centroid 2 = M, 0.550098, 0.429902, 0.151667, 0.900657, 0.375412, 0.194569, 0.270206, 12.2157
	Members of Cluster (51): 0 10 15 24 29 41 61 66 69 85 89 111 112 117 130 143 148 151 154 155 164 173 178 190 195 207 215 221 222 223 246 269 279 282 291 308 312 315 372 373 374 376 386 407 427 431 436 449 463 475 482 
	Cluster 2 SSE = 458.985
Centroid 3 = I, 0.404966, 0.307842, 0.103219, 0.372195, 0.167675, 0.0790582, 0.110729, 7.67808
	Members of Cluster (146): 3 4 9 11 25 26 31 32 33 34 37 40 47 52 54 55 60 62 63 65 67 71 72 75 78 79 81 82 90 91 92 94 99 100 103 104 106 110 113 114 115 116 118 120 124 125 128 129 135 136 137 138 146 147 152 153 160 163 165 167 168 169 170 183 188 192 193 194 200 202 203 205 206 214 216 231 232 234 238 242 248 255 257 258 262 263 272 273 278 287 288 296 302 309 310 311 313 314 316 331 332 338 352 353 355 358 359 363 364 365 366 367 377 383 385 391 392 395 396 403 404 405 406 410 423 425 426 429 433 435 437 443 448 451 456 457 465 469 474 483 486 489 490 493 494 499 
	Cluster 3 SSE = 1062.75
Centroid 4 = F, 0.589726, 0.46476, 0.157466, 1.07784, 0.459949, 0.238479, 0.306548, 11.4041
	Members of Cluster (146): 1 2 5 14 16 17 18 19 21 38 39 43 46 48 51 56 58 59 64 68 73 80 83 86 87 88 93 96 98 107 108 119 122 127 133 141 144 149 150 156 158 159 161 162 166 180 181 184 185 187 189 191 196 197 199 201 204 208 213 219 224 225 226 229 230 235 240 243 245 249 250 251 254 256 260 264 266 268 270 275 276 277 281 283 284 285 286 289 293 294 295 298 299 300 301 304 317 319 320 324 325 328 329 330 333 334 336 337 340 343 344 360 361 370 371 378 382 400 401 402 409 412 421 422 428 430 432 434 440 441 445 447 452 458 461 464 466 468 473 478 479 480 481 487 488 498 
	Cluster 4 SSE = 1263.82
Centroid 5 = M, 0.478154, 0.367462, 0.124308, 0.568308, 0.251946, 0.124515, 0.162308, 8.2
	Members of Cluster (65): 7 8 13 20 27 28 35 50 74 76 77 95 109 126 134 139 145 157 176 177 182 186 210 212 233 253 259 267 271 274 292 303 305 318 321 326 335 339 341 345 346 347 348 351 354 356 362 368 387 397 398 408 415 416 442 453 454 467 472 477 484 485 491 495 496 
	Cluster 5 SSE = 196.606
Total SSE (sum squared-distance of each row with its centroid) = 3670.63
Davies-Bouldin Index: 16.7036
------------------------------------------------------------
Assigning each row to the cluster of the nearest centroid...
------------------------------------------------------------
There are 6 clusters
Recomputing the centroids for each cluster...
Centroid 0 = M, 0.687353, 0.544706, 0.205294, 1.86163, 0.838529, 0.388132, 0.485647, 11.6471
	Members of Cluster (34): 42 49 70 84 131 179 209 218 227 236 237 239 244 247 265 280 306 322 323 342 381 388 393 411 413 417 438 446 455 462 470 471 476 497 
	Cluster 0 SSE = 259.321
Centroid 1 = M, 0.619655, 0.488707, 0.166638, 1.20839, 0.528319, 0.262121, 0.344586, 11.3966
	Members of Cluster (58): 6 12 22 23 30 36 44 45 53 57 97 101 102 105 121 123 132 140 142 171 172 174 175 198 211 217 220 228 241 252 261 290 297 307 327 349 350 357 369 375 379 380 384 389 390 394 399 414 418 419 420 424 439 444 450 459 460 492 
	Cluster 1 SSE = 429.15
Centroid 2 = M, 0.550098, 0.429902, 0.151667, 0.900657, 0.375412, 0.194569, 0.270206, 12.2157
	Members of Cluster (51): 0 10 15 24 29 41 61 66 69 85 89 111 112 117 130 143 148 151 154 155 164 173 178 190 195 207 215 221 222 223 246 269 279 282 291 308 312 315 372 373 374 376 386 407 427 431 436 449 463 475 482 
	Cluster 2 SSE = 458.985
Centroid 3 = I, 0.404966, 0.307842, 0.103219, 0.372195, 0.167675, 0.0790582, 0.110729, 7.67808
	Members of Cluster (146): 3 4 9 11 25 26 31 32 33 34 37 40 47 52 54 55 60 62 63 65 67 71 72 75 78 79 81 82 90 91 92 94 99 100 103 104 106 110 113 114 115 116 118 120 124 125 128 129 135 136 137 138 146 147 152 153 160 163 165 167 168 169 170 183 188 192 193 194 200 202 203 205 206 214 216 231 232 234 238 242 248 255 257 258 262 263 272 273 278 287 288 296 302 309 310 311 313 314 316 331 332 338 352 353 355 358 359 363 364 365 366 367 377 383 385 391 392 395 396 403 404 405 406 410 423 425 426 429 433 435 437 443 448 451 456 457 465 469 474 483 486 489 490 493 494 499 
	Cluster 3 SSE = 1062.75
Centroid 4 = F, 0.589726, 0.46476, 0.157466, 1.07784, 0.459949, 0.238479, 0.306548, 11.4041
	Members of Cluster (146): 1 2 5 14 16 17 18 19 21 38 39 43 46 48 51 56 58 59 64 68 73 80 83 86 87 88 93 96 98 107 108 119 122 127 133 141 144 149 150 156 158 159 161 162 166 180 181 184 185 187 189 191 196 197 199 201 204 208 213 219 224 225 226 229 230 235 240 243 245 249 250 251 254 256 260 264 266 268 270 275 276 277 281 283 284 285 286 289 293 294 295 298 299 300 301 304 317 319 320 324 325 328 329 330 333 334 336 337 340 343 344 360 361 370 371 378 382 400 401 402 409 412 421 422 428 430 432 434 440 441 445 447 452 458 461 464 466 468 473 478 479 480 481 487 488 498 
	Cluster 4 SSE = 1263.82
Centroid 5 = M, 0.478154, 0.367462, 0.124308, 0.568308, 0.251946, 0.124515, 0.162308, 8.2
	Members of Cluster (65): 7 8 13 20 27 28 35 50 74 76 77 95 109 126 134 139 145 157 176 177 182 186 210 212 233 253 259 267 271 274 292 303 305 318 321 326 335 339 341 345 346 347 348 351 354 356 362 368 387 397 398 408 415 416 442 453 454 467 472 477 484 485 491 495 496 
	Cluster 5 SSE = 196.606
Total SSE (sum squared-distance of each row with its centroid) = 3670.63
Davies-Bouldin Index: 16.7036
Convergence is detected because the sum squared-distance did not improve, and more than 3 iterations were performed
