Dataset name: ../data/abalone500.arff
Number of instances (rows): 500
Number of attributes (cols): 9
Learning algorithm: clustering
Evaluation method: training
Running k-means...
Centroid 0 = I, 0.42, 0.305, 0.11, 0.28, 0.094, 0.0785, 0.0955, 9
Centroid 1 = F, 0.695, 0.55, 0.155, 1.8495, 0.767, 0.442, 0.4175, 10
Centroid 2 = F, 0.585, 0.455, 0.17, 0.9945, 0.4255, 0.263, 0.2845, 11
Centroid 3 = F, 0.57, 0.445, 0.155, 0.733, 0.282, 0.159, 0.235, 14
------------------------------------------------------------
Assigning each row to the cluster of the nearest centroid...
------------------------------------------------------------
There are 4 clusters
Recomputing the centroids for each cluster...
Centroid 0 = I, 0.420027, 0.319086, 0.107204, 0.416331, 0.188554, 0.0899543, 0.122204, 7.77957
	Members of Cluster (186): 3 4 7 9 11 20 25 26 31 32 33 34 35 37 40 47 50 52 54 55 60 62 63 65 66 67 72 75 76 77 78 79 81 82 90 91 92 94 99 100 103 104 106 109 110 111 112 113 114 115 116 118 120 124 125 126 128 129 135 136 137 138 146 147 152 153 155 160 163 165 166 167 168 169 170 177 183 188 193 194 200 202 203 205 206 210 214 215 216 231 232 234 238 242 246 248 253 255 259 263 271 272 273 274 278 282 287 288 291 292 296 302 307 309 310 311 314 316 321 326 331 332 335 339 346 348 351 352 353 354 355 356 358 359 362 363 364 366 368 372 377 383 385 387 391 392 395 396 398 403 404 405 406 410 416 423 424 425 426 429 431 433 435 436 437 442 443 448 451 453 454 456 457 465 467 469 474 475 483 485 486 489 493 494 495 499 
	Cluster 0 SSE = 1042.47
Centroid 1 = M, 0.660195, 0.520519, 0.183312, 1.5607, 0.700734, 0.336532, 0.421266, 11.0909
	Members of Cluster (77): 14 16 17 30 42 44 45 49 53 57 59 70 84 85 87 122 132 140 141 142 150 158 159 171 179 190 209 211 213 218 237 239 244 250 254 264 265 269 275 277 279 280 290 299 322 330 333 336 342 343 371 378 381 384 388 393 400 407 411 413 414 417 419 422 428 438 439 440 441 444 446 452 455 460 466 470 471 
	Cluster 1 SSE = 516.43
Centroid 2 = F, 0.602279, 0.474864, 0.162891, 1.13145, 0.485741, 0.245044, 0.320912, 11.5306
	Members of Cluster (147): 0 6 8 10 12 19 21 22 23 24 28 36 38 43 48 51 64 68 83 88 93 97 98 101 102 105 107 108 117 121 123 127 130 131 133 134 139 144 149 156 157 161 162 164 172 173 174 175 178 181 182 184 185 187 195 196 197 198 199 204 208 217 219 220 224 226 227 228 229 230 236 240 241 243 247 249 251 256 260 261 266 270 276 283 284 285 289 293 294 295 297 298 300 301 306 313 317 319 320 323 324 325 327 328 329 334 344 349 350 357 361 369 373 374 375 379 380 382 386 389 390 397 399 401 408 412 418 420 427 434 445 447 449 450 459 463 472 476 478 479 480 481 488 490 492 497 498 
	Cluster 2 SSE = 1304.39
Centroid 3 = F, 0.513056, 0.402667, 0.139111, 0.711406, 0.287517, 0.156783, 0.215661, 11.1444
	Members of Cluster (90): 1 2 5 13 15 18 27 29 39 41 46 56 58 61 69 71 73 74 80 86 89 95 96 119 143 145 148 151 154 176 180 186 189 191 192 201 207 212 221 222 223 225 233 235 245 252 257 258 262 267 268 281 286 303 304 305 308 312 315 318 337 338 340 341 345 347 360 365 367 370 376 394 402 409 415 421 430 432 458 461 462 464 468 473 477 482 484 487 491 496 
	Cluster 3 SSE = 1210.81
Total SSE (sum squared-distance of each row with its centroid) = 4074.09
Davies-Bouldin Index: 50.2973
------------------------------------------------------------
Assigning each row to the cluster of the nearest centroid...
------------------------------------------------------------
There are 4 clusters
Recomputing the centroids for each cluster...
Centroid 0 = I, 0.414121, 0.314423, 0.105165, 0.388953, 0.174277, 0.0835385, 0.116099, 7.75824
	Members of Cluster (182): 3 4 7 9 11 13 20 25 26 31 32 33 34 35 37 40 47 50 52 54 55 60 62 63 65 67 71 72 75 76 77 78 79 81 82 90 91 92 94 99 100 103 104 106 109 110 112 113 114 115 116 118 120 124 125 126 128 129 135 136 137 138 146 147 152 153 160 163 165 167 168 169 170 176 177 183 188 192 193 194 200 202 203 205 206 210 214 216 231 232 234 238 242 248 253 255 257 259 263 271 272 273 274 278 287 288 292 296 302 309 310 311 314 316 326 331 332 335 338 339 346 347 348 351 352 353 354 355 356 358 359 362 363 364 366 367 368 377 383 385 387 391 392 395 396 398 403 404 405 406 410 416 423 425 426 429 431 433 435 437 443 448 451 453 454 456 457 465 467 469 474 483 484 485 486 489 490 493 494 495 496 499 
	Cluster 0 SSE = 1165.34
Centroid 1 = M, 0.615576, 0.484928, 0.171475, 1.26608, 0.555691, 0.271482, 0.351766, 11.4532
	Members of Cluster (139): 0 6 8 12 22 23 24 27 28 29 30 36 42 44 45 49 53 57 66 69 70 84 85 89 95 97 101 102 105 111 117 121 123 130 131 132 134 139 140 142 143 148 154 155 164 171 172 173 174 175 178 179 182 186 190 195 198 207 209 211 215 217 218 220 223 227 228 236 237 239 241 244 246 247 252 261 269 279 280 282 290 291 297 306 307 308 322 323 327 341 342 349 350 357 369 372 373 374 375 376 379 380 381 384 388 389 390 394 397 399 407 408 411 413 414 417 418 419 420 424 427 436 438 439 444 449 450 455 460 462 463 470 471 472 475 476 482 492 497 
	Cluster 1 SSE = 1311.35
Centroid 2 = F, 0.628155, 0.49534, 0.167621, 1.28531, 0.557388, 0.282447, 0.357568, 11.2621
	Members of Cluster (103): 1 14 16 17 18 19 21 38 43 48 51 59 64 86 87 88 93 107 108 122 127 133 141 144 149 150 156 158 159 161 162 181 184 185 196 197 199 204 213 219 224 226 229 230 240 243 249 250 251 254 256 260 264 265 266 275 276 277 281 283 284 285 294 295 298 299 301 317 319 320 324 325 328 329 330 333 334 336 343 344 361 371 378 382 386 393 400 401 422 428 434 440 441 445 446 447 452 466 479 480 481 488 498 
	Cluster 2 SSE = 684.361
Centroid 3 = F, 0.500461, 0.392434, 0.135263, 0.642092, 0.262336, 0.141375, 0.196, 10.9868
	Members of Cluster (76): 2 5 10 15 39 41 46 56 58 61 68 73 74 80 83 96 98 119 145 151 157 166 180 187 189 191 201 208 212 221 222 225 233 235 245 258 262 267 268 270 286 289 293 300 303 304 305 312 313 315 318 321 337 340 345 360 365 370 402 409 412 415 421 430 432 442 458 459 461 464 468 473 477 478 487 491 
	Cluster 3 SSE = 812.989
Total SSE (sum squared-distance of each row with its centroid) = 3974.04
Davies-Bouldin Index: 12.8254
------------------------------------------------------------
Assigning each row to the cluster of the nearest centroid...
------------------------------------------------------------
There are 4 clusters
Recomputing the centroids for each cluster...
Centroid 0 = I, 0.409795, 0.310526, 0.10383, 0.378635, 0.169228, 0.0814181, 0.112573, 7.65497
	Members of Cluster (171): 3 4 7 9 11 13 20 25 31 32 33 34 35 37 40 47 50 52 54 55 60 62 63 65 67 71 72 75 76 77 78 79 81 82 91 92 99 100 103 104 106 109 110 112 114 115 118 120 124 125 126 128 129 135 136 137 138 146 147 152 153 160 163 165 167 168 169 170 183 187 188 193 194 200 202 203 205 206 214 216 231 232 234 238 242 248 253 255 257 259 263 271 272 273 274 278 287 288 292 296 302 309 310 311 313 314 316 326 331 332 338 339 346 347 348 353 354 355 356 358 359 362 363 364 366 367 368 377 383 385 387 391 392 395 396 398 403 404 405 406 410 416 423 425 426 429 433 435 437 443 448 451 453 454 456 457 465 467 469 474 483 484 485 486 489 490 493 494 495 496 499 
	Cluster 0 SSE = 1098.8
Centroid 1 = M, 0.599935, 0.471699, 0.166307, 1.17825, 0.518886, 0.251549, 0.329222, 11.3595
	Members of Cluster (153): 0 6 8 12 15 22 23 27 28 29 30 36 41 42 44 45 49 53 57 66 69 70 84 85 89 95 97 101 102 105 111 117 121 123 130 131 132 134 139 140 142 145 148 154 155 157 164 171 172 173 174 175 176 177 178 179 182 186 190 195 198 207 209 210 211 212 215 217 218 220 227 228 236 237 239 241 244 246 247 252 261 267 269 279 280 282 290 291 297 305 306 307 308 312 315 321 322 323 327 335 342 349 350 351 357 369 372 373 374 375 376 379 380 381 382 384 388 389 390 394 397 399 407 408 413 414 417 418 419 420 424 427 431 436 438 439 442 444 449 450 455 459 460 462 470 471 472 475 476 477 491 492 497 
	Cluster 1 SSE = 1448.46
Centroid 2 = F, 0.625714, 0.493462, 0.168462, 1.28487, 0.551791, 0.285648, 0.359857, 11.4835
	Members of Cluster (91): 1 16 18 19 21 43 51 59 64 68 86 88 93 98 107 108 122 127 133 144 149 156 159 161 162 181 184 185 196 197 199 204 208 219 224 226 229 230 240 243 249 251 254 256 260 264 265 266 270 275 276 277 281 283 284 285 294 295 298 300 317 319 320 324 328 329 333 334 336 343 344 361 371 386 393 400 401 411 412 422 434 445 446 447 452 466 478 479 480 481 488 
	Cluster 2 SSE = 593.434
Centroid 3 = F, 0.527824, 0.415294, 0.141059, 0.776694, 0.326676, 0.169094, 0.228035, 10.6706
	Members of Cluster (85): 2 5 10 14 17 24 26 38 39 46 48 56 58 61 73 74 80 83 87 90 94 96 113 116 119 141 143 150 151 158 166 180 189 191 192 201 213 221 222 223 225 233 235 245 250 258 262 268 286 289 293 299 301 303 304 318 325 330 337 340 341 345 352 360 365 370 378 402 409 415 421 428 430 432 440 441 458 461 463 464 468 473 482 487 498 
	Cluster 3 SSE = 824.399
Total SSE (sum squared-distance of each row with its centroid) = 3965.09
Davies-Bouldin Index: 12.6676
------------------------------------------------------------
Assigning each row to the cluster of the nearest centroid...
------------------------------------------------------------
There are 4 clusters
Recomputing the centroids for each cluster...
Centroid 0 = I, 0.411474, 0.311965, 0.10422, 0.381766, 0.170798, 0.0820665, 0.113561, 7.67052
	Members of Cluster (173): 3 4 7 9 11 13 20 25 31 32 33 34 35 37 40 47 50 52 54 55 60 62 63 65 67 71 72 75 76 77 78 79 81 82 90 91 92 99 100 103 104 106 109 110 112 114 115 116 118 120 124 125 126 128 129 135 136 137 138 146 147 152 153 160 163 165 167 168 169 170 183 187 188 192 193 194 200 202 203 205 206 214 216 231 232 234 238 242 248 253 255 257 259 262 263 271 272 273 278 287 288 292 296 302 309 310 311 313 314 316 326 331 332 338 339 346 347 348 353 354 355 358 359 362 363 364 366 367 368 377 383 385 387 391 392 395 396 398 403 404 405 406 410 416 423 425 426 429 433 435 437 443 448 451 453 454 456 457 465 467 469 474 483 484 485 486 489 490 493 494 495 496 499 
	Cluster 0 SSE = 1110.54
Centroid 1 = M, 0.597908, 0.47, 0.165719, 1.17109, 0.515484, 0.249971, 0.32719, 11.3333
	Members of Cluster (153): 0 6 8 12 15 22 23 27 28 29 30 36 41 42 44 45 49 53 57 66 69 70 84 85 89 95 97 101 102 105 111 117 121 123 131 132 134 139 140 142 145 148 154 155 157 164 171 172 173 174 175 176 177 178 179 182 186 190 195 198 207 209 210 211 212 215 217 218 220 227 228 236 237 239 241 244 246 247 252 261 267 269 274 280 282 290 291 297 305 306 307 308 312 315 321 322 323 327 335 342 349 350 351 356 357 369 372 373 374 375 376 379 380 381 382 384 388 389 390 394 397 399 407 408 413 414 417 418 419 420 424 427 431 436 438 439 442 444 449 450 455 459 460 462 470 471 472 475 476 477 491 492 497 
	Cluster 1 SSE = 1468.78
Centroid 2 = F, 0.628438, 0.49525, 0.167875, 1.30353, 0.559456, 0.289894, 0.363556, 11.4875
	Members of Cluster (80): 1 16 18 19 21 43 64 68 86 88 93 98 107 108 122 127 133 144 149 156 159 161 181 185 196 197 199 208 219 224 226 229 230 240 243 251 254 256 260 265 270 275 276 277 281 283 284 285 289 294 298 300 317 319 320 324 328 329 333 334 336 343 344 361 371 393 400 401 411 412 422 434 445 446 447 452 466 478 481 488 
	Cluster 2 SSE = 526.362
Centroid 3 = F, 0.539681, 0.425266, 0.145798, 0.834638, 0.352495, 0.182362, 0.244261, 10.8404
	Members of Cluster (94): 2 5 10 14 17 24 26 38 39 46 48 51 56 58 59 61 73 74 80 83 87 94 96 113 119 130 141 143 150 151 158 162 166 180 184 189 191 201 204 213 221 222 223 225 233 235 245 249 250 258 264 266 268 279 286 293 295 299 301 303 304 318 325 330 337 340 341 345 352 360 365 370 378 386 402 409 415 421 428 430 432 440 441 458 461 463 464 468 473 479 480 482 487 498 
	Cluster 3 SSE = 869.766
Total SSE (sum squared-distance of each row with its centroid) = 3975.45
Davies-Bouldin Index: 12.6473
------------------------------------------------------------
Assigning each row to the cluster of the nearest centroid...
------------------------------------------------------------
There are 4 clusters
Recomputing the centroids for each cluster...
Centroid 0 = I, 0.411474, 0.311965, 0.10422, 0.381766, 0.170798, 0.0820665, 0.113561, 7.67052
	Members of Cluster (173): 3 4 7 9 11 13 20 25 31 32 33 34 35 37 40 47 50 52 54 55 60 62 63 65 67 71 72 75 76 77 78 79 81 82 90 91 92 99 100 103 104 106 109 110 112 114 115 116 118 120 124 125 126 128 129 135 136 137 138 146 147 152 153 160 163 165 167 168 169 170 183 187 188 192 193 194 200 202 203 205 206 214 216 231 232 234 238 242 248 253 255 257 259 262 263 271 272 273 278 287 288 292 296 302 309 310 311 313 314 316 326 331 332 338 339 346 347 348 353 354 355 358 359 362 363 364 366 367 368 377 383 385 387 391 392 395 396 398 403 404 405 406 410 416 423 425 426 429 433 435 437 443 448 451 453 454 456 457 465 467 469 474 483 484 485 486 489 490 493 494 495 496 499 
	Cluster 0 SSE = 1110.54
Centroid 1 = M, 0.597829, 0.469967, 0.165789, 1.17233, 0.515872, 0.250115, 0.327592, 11.3421
	Members of Cluster (152): 0 6 8 12 15 22 23 27 28 29 30 36 41 42 44 45 49 53 57 66 69 70 84 85 89 95 97 101 102 105 111 117 121 123 131 132 134 139 140 142 145 148 154 155 157 164 171 172 173 174 175 176 177 178 179 182 186 195 198 207 209 210 211 212 215 217 218 220 227 228 236 237 239 241 244 246 247 252 261 267 269 274 280 282 290 291 297 305 306 307 308 312 315 321 322 323 327 335 342 349 350 351 356 357 369 372 373 374 375 376 379 380 381 382 384 388 389 390 394 397 399 407 408 413 414 417 418 419 420 424 427 431 436 438 439 442 444 449 450 455 459 460 462 470 471 472 475 476 477 491 492 497 
	Cluster 1 SSE = 1466.94
Centroid 2 = F, 0.627885, 0.494808, 0.168077, 1.2997, 0.558417, 0.288846, 0.362949, 11.5385
	Members of Cluster (78): 1 16 18 19 21 43 64 68 86 88 93 98 107 122 127 133 144 149 156 159 161 181 185 196 197 199 208 219 224 226 229 230 240 243 251 254 256 260 265 270 275 276 281 283 284 285 289 294 298 300 317 319 320 324 328 329 333 334 336 343 344 361 371 393 400 401 411 412 422 434 445 446 447 452 466 478 481 488 
	Cluster 2 SSE = 517.3
Centroid 3 = F, 0.54268, 0.427577, 0.146186, 0.848912, 0.35867, 0.185892, 0.247433, 10.8041
	Members of Cluster (97): 2 5 10 14 17 24 26 38 39 46 48 51 56 58 59 61 73 74 80 83 87 94 96 108 113 119 130 141 143 150 151 158 162 166 180 184 189 190 191 201 204 213 221 222 223 225 233 235 245 249 250 258 264 266 268 277 279 286 293 295 299 301 303 304 318 325 330 337 340 341 345 352 360 365 370 378 386 402 409 415 421 428 430 432 440 441 458 461 463 464 468 473 479 480 482 487 498 
	Cluster 3 SSE = 876.869
Total SSE (sum squared-distance of each row with its centroid) = 3971.66
Davies-Bouldin Index: 12.6962
------------------------------------------------------------
Assigning each row to the cluster of the nearest centroid...
------------------------------------------------------------
There are 4 clusters
Recomputing the centroids for each cluster...
Centroid 0 = I, 0.411474, 0.311965, 0.10422, 0.381766, 0.170798, 0.0820665, 0.113561, 7.67052
	Members of Cluster (173): 3 4 7 9 11 13 20 25 31 32 33 34 35 37 40 47 50 52 54 55 60 62 63 65 67 71 72 75 76 77 78 79 81 82 90 91 92 99 100 103 104 106 109 110 112 114 115 116 118 120 124 125 126 128 129 135 136 137 138 146 147 152 153 160 163 165 167 168 169 170 183 187 188 192 193 194 200 202 203 205 206 214 216 231 232 234 238 242 248 253 255 257 259 262 263 271 272 273 278 287 288 292 296 302 309 310 311 313 314 316 326 331 332 338 339 346 347 348 353 354 355 358 359 362 363 364 366 367 368 377 383 385 387 391 392 395 396 398 403 404 405 406 410 416 423 425 426 429 433 435 437 443 448 451 453 454 456 457 465 467 469 474 483 484 485 486 489 490 493 494 495 496 499 
	Cluster 0 SSE = 1110.54
Centroid 1 = M, 0.597829, 0.469967, 0.165789, 1.17233, 0.515872, 0.250115, 0.327592, 11.3421
	Members of Cluster (152): 0 6 8 12 15 22 23 27 28 29 30 36 41 42 44 45 49 53 57 66 69 70 84 85 89 95 97 101 102 105 111 117 121 123 131 132 134 139 140 142 145 148 154 155 157 164 171 172 173 174 175 176 177 178 179 182 186 195 198 207 209 210 211 212 215 217 218 220 227 228 236 237 239 241 244 246 247 252 261 267 269 274 280 282 290 291 297 305 306 307 308 312 315 321 322 323 327 335 342 349 350 351 356 357 369 372 373 374 375 376 379 380 381 382 384 388 389 390 394 397 399 407 408 413 414 417 418 419 420 424 427 431 436 438 439 442 444 449 450 455 459 460 462 470 471 472 475 476 477 491 492 497 
	Cluster 1 SSE = 1466.94
Centroid 2 = F, 0.628289, 0.495197, 0.168289, 1.30556, 0.563303, 0.288599, 0.363487, 11.5526
	Members of Cluster (76): 1 16 18 19 21 43 64 68 86 88 93 98 107 122 127 133 144 149 156 159 161 181 185 197 199 208 219 224 226 229 230 240 243 251 254 256 260 265 270 275 276 283 284 285 289 294 298 300 317 319 320 324 328 329 333 334 336 343 344 361 371 393 400 401 411 412 422 434 445 446 447 452 466 478 481 488 
	Cluster 2 SSE = 498.525
Centroid 3 = F, 0.544091, 0.428636, 0.146465, 0.85352, 0.358955, 0.188162, 0.249354, 10.8081
	Members of Cluster (99): 2 5 10 14 17 24 26 38 39 46 48 51 56 58 59 61 73 74 80 83 87 94 96 108 113 119 130 141 143 150 151 158 162 166 180 184 189 190 191 196 201 204 213 221 222 223 225 233 235 245 249 250 258 264 266 268 277 279 281 286 293 295 299 301 303 304 318 325 330 337 340 341 345 352 360 365 370 378 386 402 409 415 421 428 430 432 440 441 458 461 463 464 468 473 479 480 482 487 498 
	Cluster 3 SSE = 895.109
Total SSE (sum squared-distance of each row with its centroid) = 3971.12
Davies-Bouldin Index: 12.6224
------------------------------------------------------------
Assigning each row to the cluster of the nearest centroid...
------------------------------------------------------------
There are 4 clusters
Recomputing the centroids for each cluster...
Centroid 0 = I, 0.411474, 0.311965, 0.10422, 0.381766, 0.170798, 0.0820665, 0.113561, 7.67052
	Members of Cluster (173): 3 4 7 9 11 13 20 25 31 32 33 34 35 37 40 47 50 52 54 55 60 62 63 65 67 71 72 75 76 77 78 79 81 82 90 91 92 99 100 103 104 106 109 110 112 114 115 116 118 120 124 125 126 128 129 135 136 137 138 146 147 152 153 160 163 165 167 168 169 170 183 187 188 192 193 194 200 202 203 205 206 214 216 231 232 234 238 242 248 253 255 257 259 262 263 271 272 273 278 287 288 292 296 302 309 310 311 313 314 316 326 331 332 338 339 346 347 348 353 354 355 358 359 362 363 364 366 367 368 377 383 385 387 391 392 395 396 398 403 404 405 406 410 416 423 425 426 429 433 435 437 443 448 451 453 454 456 457 465 467 469 474 483 484 485 486 489 490 493 494 495 496 499 
	Cluster 0 SSE = 1110.54
Centroid 1 = M, 0.597829, 0.469967, 0.165789, 1.17233, 0.515872, 0.250115, 0.327592, 11.3421
	Members of Cluster (152): 0 6 8 12 15 22 23 27 28 29 30 36 41 42 44 45 49 53 57 66 69 70 84 85 89 95 97 101 102 105 111 117 121 123 131 132 134 139 140 142 145 148 154 155 157 164 171 172 173 174 175 176 177 178 179 182 186 195 198 207 209 210 211 212 215 217 218 220 227 228 236 237 239 241 244 246 247 252 261 267 269 274 280 282 290 291 297 305 306 307 308 312 315 321 322 323 327 335 342 349 350 351 356 357 369 372 373 374 375 376 379 380 381 382 384 388 389 390 394 397 399 407 408 413 414 417 418 419 420 424 427 431 436 438 439 442 444 449 450 455 459 460 462 470 471 472 475 476 477 491 492 497 
	Cluster 1 SSE = 1466.94
Centroid 2 = F, 0.628733, 0.495733, 0.168467, 1.30883, 0.563967, 0.28956, 0.364333, 11.5467
	Members of Cluster (75): 1 16 18 19 21 43 64 68 86 88 93 98 107 122 127 133 144 149 156 159 161 181 185 197 199 208 219 224 226 229 230 240 243 251 254 256 260 265 270 275 276 283 284 285 289 294 298 300 317 319 320 324 329 333 334 336 343 344 361 371 393 400 401 411 412 422 434 445 446 447 452 466 478 481 488 
	Cluster 2 SSE = 498.247
Centroid 3 = F, 0.5446, 0.4289, 0.14655, 0.85559, 0.3605, 0.188445, 0.24986, 10.82
	Members of Cluster (100): 2 5 10 14 17 24 26 38 39 46 48 51 56 58 59 61 73 74 80 83 87 94 96 108 113 119 130 141 143 150 151 158 162 166 180 184 189 190 191 196 201 204 213 221 222 223 225 233 235 245 249 250 258 264 266 268 277 279 281 286 293 295 299 301 303 304 318 325 328 330 337 340 341 345 352 360 365 370 378 386 402 409 415 421 428 430 432 440 441 458 461 463 464 468 473 479 480 482 487 498 
	Cluster 3 SSE = 896.588
Total SSE (sum squared-distance of each row with its centroid) = 3972.32
Davies-Bouldin Index: 12.6436
------------------------------------------------------------
Assigning each row to the cluster of the nearest centroid...
------------------------------------------------------------
There are 4 clusters
Recomputing the centroids for each cluster...
Centroid 0 = I, 0.411474, 0.311965, 0.10422, 0.381766, 0.170798, 0.0820665, 0.113561, 7.67052
	Members of Cluster (173): 3 4 7 9 11 13 20 25 31 32 33 34 35 37 40 47 50 52 54 55 60 62 63 65 67 71 72 75 76 77 78 79 81 82 90 91 92 99 100 103 104 106 109 110 112 114 115 116 118 120 124 125 126 128 129 135 136 137 138 146 147 152 153 160 163 165 167 168 169 170 183 187 188 192 193 194 200 202 203 205 206 214 216 231 232 234 238 242 248 253 255 257 259 262 263 271 272 273 278 287 288 292 296 302 309 310 311 313 314 316 326 331 332 338 339 346 347 348 353 354 355 358 359 362 363 364 366 367 368 377 383 385 387 391 392 395 396 398 403 404 405 406 410 416 423 425 426 429 433 435 437 443 448 451 453 454 456 457 465 467 469 474 483 484 485 486 489 490 493 494 495 496 499 
	Cluster 0 SSE = 1110.54
Centroid 1 = M, 0.597829, 0.469967, 0.165789, 1.17233, 0.515872, 0.250115, 0.327592, 11.3421
	Members of Cluster (152): 0 6 8 12 15 22 23 27 28 29 30 36 41 42 44 45 49 53 57 66 69 70 84 85 89 95 97 101 102 105 111 117 121 123 131 132 134 139 140 142 145 148 154 155 157 164 171 172 173 174 175 176 177 178 179 182 186 195 198 207 209 210 211 212 215 217 218 220 227 228 236 237 239 241 244 246 247 252 261 267 269 274 280 282 290 291 297 305 306 307 308 312 315 321 322 323 327 335 342 349 350 351 356 357 369 372 373 374 375 376 379 380 381 382 384 388 389 390 394 397 399 407 408 413 414 417 418 419 420 424 427 431 436 438 439 442 444 449 450 455 459 460 462 470 471 472 475 476 477 491 492 497 
	Cluster 1 SSE = 1466.94
Centroid 2 = F, 0.629189, 0.496149, 0.168716, 1.31197, 0.564953, 0.2905, 0.365378, 11.5811
	Members of Cluster (74): 1 16 18 19 21 43 64 68 86 88 93 98 107 122 127 133 144 149 156 159 161 181 185 197 199 208 219 224 226 229 230 243 251 254 256 260 265 270 275 276 283 284 285 289 294 298 300 317 319 320 324 329 333 334 336 343 344 361 371 393 400 401 411 412 422 434 445 446 447 452 466 478 481 488 
	Cluster 2 SSE = 491.6
Centroid 3 = F, 0.545099, 0.429257, 0.146584, 0.857777, 0.361792, 0.188757, 0.250228, 10.802
	Members of Cluster (101): 2 5 10 14 17 24 26 38 39 46 48 51 56 58 59 61 73 74 80 83 87 94 96 108 113 119 130 141 143 150 151 158 162 166 180 184 189 190 191 196 201 204 213 221 222 223 225 233 235 240 245 249 250 258 264 266 268 277 279 281 286 293 295 299 301 303 304 318 325 328 330 337 340 341 345 352 360 365 370 378 386 402 409 415 421 428 430 432 440 441 458 461 463 464 468 473 479 480 482 487 498 
	Cluster 3 SSE = 899.939
Total SSE (sum squared-distance of each row with its centroid) = 3969.03
Davies-Bouldin Index: 12.6131
------------------------------------------------------------
Assigning each row to the cluster of the nearest centroid...
------------------------------------------------------------
There are 4 clusters
Recomputing the centroids for each cluster...
Centroid 0 = I, 0.411474, 0.311965, 0.10422, 0.381766, 0.170798, 0.0820665, 0.113561, 7.67052
	Members of Cluster (173): 3 4 7 9 11 13 20 25 31 32 33 34 35 37 40 47 50 52 54 55 60 62 63 65 67 71 72 75 76 77 78 79 81 82 90 91 92 99 100 103 104 106 109 110 112 114 115 116 118 120 124 125 126 128 129 135 136 137 138 146 147 152 153 160 163 165 167 168 169 170 183 187 188 192 193 194 200 202 203 205 206 214 216 231 232 234 238 242 248 253 255 257 259 262 263 271 272 273 278 287 288 292 296 302 309 310 311 313 314 316 326 331 332 338 339 346 347 348 353 354 355 358 359 362 363 364 366 367 368 377 383 385 387 391 392 395 396 398 403 404 405 406 410 416 423 425 426 429 433 435 437 443 448 451 453 454 456 457 465 467 469 474 483 484 485 486 489 490 493 494 495 496 499 
	Cluster 0 SSE = 1110.54
Centroid 1 = M, 0.597829, 0.469967, 0.165789, 1.17233, 0.515872, 0.250115, 0.327592, 11.3421
	Members of Cluster (152): 0 6 8 12 15 22 23 27 28 29 30 36 41 42 44 45 49 53 57 66 69 70 84 85 89 95 97 101 102 105 111 117 121 123 131 132 134 139 140 142 145 148 154 155 157 164 171 172 173 174 175 176 177 178 179 182 186 195 198 207 209 210 211 212 215 217 218 220 227 228 236 237 239 241 244 246 247 252 261 267 269 274 280 282 290 291 297 305 306 307 308 312 315 321 322 323 327 335 342 349 350 351 356 357 369 372 373 374 375 376 379 380 381 382 384 388 389 390 394 397 399 407 408 413 414 417 418 419 420 424 427 431 436 438 439 442 444 449 450 455 459 460 462 470 471 472 475 476 477 491 492 497 
	Cluster 1 SSE = 1466.94
Centroid 2 = F, 0.629653, 0.496875, 0.169306, 1.31815, 0.569049, 0.291083, 0.366847, 11.625
	Members of Cluster (72): 1 16 18 19 21 43 64 68 86 88 93 98 122 127 133 144 156 159 161 181 185 197 199 208 219 224 226 229 230 243 251 254 256 260 265 270 275 276 283 284 285 289 294 298 300 317 319 320 324 329 333 334 336 343 344 361 371 393 400 401 411 412 422 434 445 446 447 452 466 478 481 488 
	Cluster 2 SSE = 478.302
Centroid 3 = F, 0.546408, 0.430049, 0.146602, 0.862277, 0.362874, 0.190325, 0.251437, 10.7864
	Members of Cluster (103): 2 5 10 14 17 24 26 38 39 46 48 51 56 58 59 61 73 74 80 83 87 94 96 107 108 113 119 130 141 143 149 150 151 158 162 166 180 184 189 190 191 196 201 204 213 221 222 223 225 233 235 240 245 249 250 258 264 266 268 277 279 281 286 293 295 299 301 303 304 318 325 328 330 337 340 341 345 352 360 365 370 378 386 402 409 415 421 428 430 432 440 441 458 461 463 464 468 473 479 480 482 487 498 
	Cluster 3 SSE = 909.348
Total SSE (sum squared-distance of each row with its centroid) = 3965.14
Davies-Bouldin Index: 12.5597
------------------------------------------------------------
Assigning each row to the cluster of the nearest centroid...
------------------------------------------------------------
There are 4 clusters
Recomputing the centroids for each cluster...
Centroid 0 = I, 0.411474, 0.311965, 0.10422, 0.381766, 0.170798, 0.0820665, 0.113561, 7.67052
	Members of Cluster (173): 3 4 7 9 11 13 20 25 31 32 33 34 35 37 40 47 50 52 54 55 60 62 63 65 67 71 72 75 76 77 78 79 81 82 90 91 92 99 100 103 104 106 109 110 112 114 115 116 118 120 124 125 126 128 129 135 136 137 138 146 147 152 153 160 163 165 167 168 169 170 183 187 188 192 193 194 200 202 203 205 206 214 216 231 232 234 238 242 248 253 255 257 259 262 263 271 272 273 278 287 288 292 296 302 309 310 311 313 314 316 326 331 332 338 339 346 347 348 353 354 355 358 359 362 363 364 366 367 368 377 383 385 387 391 392 395 396 398 403 404 405 406 410 416 423 425 426 429 433 435 437 443 448 451 453 454 456 457 465 467 469 474 483 484 485 486 489 490 493 494 495 496 499 
	Cluster 0 SSE = 1110.54
Centroid 1 = M, 0.597829, 0.469967, 0.165789, 1.17233, 0.515872, 0.250115, 0.327592, 11.3421
	Members of Cluster (152): 0 6 8 12 15 22 23 27 28 29 30 36 41 42 44 45 49 53 57 66 69 70 84 85 89 95 97 101 102 105 111 117 121 123 131 132 134 139 140 142 145 148 154 155 157 164 171 172 173 174 175 176 177 178 179 182 186 195 198 207 209 210 211 212 215 217 218 220 227 228 236 237 239 241 244 246 247 252 261 267 269 274 280 282 290 291 297 305 306 307 308 312 315 321 322 323 327 335 342 349 350 351 356 357 369 372 373 374 375 376 379 380 381 382 384 388 389 390 394 397 399 407 408 413 414 417 418 419 420 424 427 431 436 438 439 442 444 449 450 455 459 460 462 470 471 472 475 476 477 491 492 497 
	Cluster 1 SSE = 1466.94
Centroid 2 = F, 0.630493, 0.497394, 0.169296, 1.32122, 0.571254, 0.292077, 0.366662, 11.5915
	Members of Cluster (71): 1 16 19 21 43 64 68 86 88 93 98 122 127 133 144 156 159 161 181 185 197 199 208 219 224 226 229 230 243 251 254 256 260 265 270 275 276 283 284 285 289 294 298 300 317 319 320 324 329 333 334 336 343 344 361 371 393 400 401 411 412 422 434 445 446 447 452 466 478 481 488 
	Cluster 2 SSE = 472.499
Centroid 3 = F, 0.546635, 0.430337, 0.146827, 0.864562, 0.363351, 0.190615, 0.252673, 10.8173
	Members of Cluster (104): 2 5 10 14 17 18 24 26 38 39 46 48 51 56 58 59 61 73 74 80 83 87 94 96 107 108 113 119 130 141 143 149 150 151 158 162 166 180 184 189 190 191 196 201 204 213 221 222 223 225 233 235 240 245 249 250 258 264 266 268 277 279 281 286 293 295 299 301 303 304 318 325 328 330 337 340 341 345 352 360 365 370 378 386 402 409 415 421 428 430 432 440 441 458 461 463 464 468 473 479 480 482 487 498 
	Cluster 3 SSE = 919.654
Total SSE (sum squared-distance of each row with its centroid) = 3969.64
Davies-Bouldin Index: 12.5568
------------------------------------------------------------
Assigning each row to the cluster of the nearest centroid...
------------------------------------------------------------
There are 4 clusters
Recomputing the centroids for each cluster...
Centroid 0 = I, 0.411293, 0.312011, 0.104282, 0.383293, 0.171672, 0.0823563, 0.113851, 7.66667
	Members of Cluster (174): 3 4 7 9 11 13 20 25 31 32 33 34 35 37 40 47 50 52 54 55 60 62 63 65 67 71 72 75 76 77 78 79 81 82 90 91 92 99 100 103 104 106 109 110 112 114 115 116 118 120 124 125 126 128 129 135 136 137 138 146 147 152 153 160 163 165 167 168 169 170 183 187 188 192 193 194 200 202 203 205 206 214 216 231 232 234 238 242 248 253 255 257 258 259 262 263 271 272 273 278 287 288 292 296 302 309 310 311 313 314 316 326 331 332 338 339 346 347 348 353 354 355 358 359 362 363 364 366 367 368 377 383 385 387 391 392 395 396 398 403 404 405 406 410 416 423 425 426 429 433 435 437 443 448 451 453 454 456 457 465 467 469 474 483 484 485 486 489 490 493 494 495 496 499 
	Cluster 0 SSE = 1112.09
Centroid 1 = M, 0.597829, 0.469967, 0.165789, 1.17233, 0.515872, 0.250115, 0.327592, 11.3421
	Members of Cluster (152): 0 6 8 12 15 22 23 27 28 29 30 36 41 42 44 45 49 53 57 66 69 70 84 85 89 95 97 101 102 105 111 117 121 123 131 132 134 139 140 142 145 148 154 155 157 164 171 172 173 174 175 176 177 178 179 182 186 195 198 207 209 210 211 212 215 217 218 220 227 228 236 237 239 241 244 246 247 252 261 267 269 274 280 282 290 291 297 305 306 307 308 312 315 321 322 323 327 335 342 349 350 351 356 357 369 372 373 374 375 376 379 380 381 382 384 388 389 390 394 397 399 407 408 413 414 417 418 419 420 424 427 431 436 438 439 442 444 449 450 455 459 460 462 470 471 472 475 476 477 491 492 497 
	Cluster 1 SSE = 1466.94
Centroid 2 = F, 0.631286, 0.497643, 0.169357, 1.32469, 0.572114, 0.293257, 0.367529, 11.6286
	Members of Cluster (70): 1 16 19 21 43 64 68 86 88 93 98 122 133 144 156 159 161 181 185 197 199 208 219 224 226 229 230 243 251 254 256 260 265 270 275 276 283 284 285 289 294 298 300 317 319 320 324 329 333 334 336 343 344 361 371 393 400 401 411 412 422 434 445 446 447 452 466 478 481 488 
	Cluster 2 SSE = 465.609
Centroid 3 = F, 0.54851, 0.431875, 0.147308, 0.868702, 0.365159, 0.191356, 0.254038, 10.8365
	Members of Cluster (104): 2 5 10 14 17 18 24 26 38 39 46 48 51 56 58 59 61 73 74 80 83 87 94 96 107 108 113 119 127 130 141 143 149 150 151 158 162 166 180 184 189 190 191 196 201 204 213 221 222 223 225 233 235 240 245 249 250 264 266 268 277 279 281 286 293 295 299 301 303 304 318 325 328 330 337 340 341 345 352 360 365 370 378 386 402 409 415 421 428 430 432 440 441 458 461 463 464 468 473 479 480 482 487 498 
	Cluster 3 SSE = 908.316
Total SSE (sum squared-distance of each row with its centroid) = 3952.96
Davies-Bouldin Index: 12.5084
------------------------------------------------------------
Assigning each row to the cluster of the nearest centroid...
------------------------------------------------------------
There are 4 clusters
Recomputing the centroids for each cluster...
Centroid 0 = I, 0.411293, 0.312011, 0.104282, 0.383293, 0.171672, 0.0823563, 0.113851, 7.66667
	Members of Cluster (174): 3 4 7 9 11 13 20 25 31 32 33 34 35 37 40 47 50 52 54 55 60 62 63 65 67 71 72 75 76 77 78 79 81 82 90 91 92 99 100 103 104 106 109 110 112 114 115 116 118 120 124 125 126 128 129 135 136 137 138 146 147 152 153 160 163 165 167 168 169 170 183 187 188 192 193 194 200 202 203 205 206 214 216 231 232 234 238 242 248 253 255 257 258 259 262 263 271 272 273 278 287 288 292 296 302 309 310 311 313 314 316 326 331 332 338 339 346 347 348 353 354 355 358 359 362 363 364 366 367 368 377 383 385 387 391 392 395 396 398 403 404 405 406 410 416 423 425 426 429 433 435 437 443 448 451 453 454 456 457 465 467 469 474 483 484 485 486 489 490 493 494 495 496 499 
	Cluster 0 SSE = 1112.09
Centroid 1 = M, 0.597829, 0.469967, 0.165789, 1.17233, 0.515872, 0.250115, 0.327592, 11.3421
	Members of Cluster (152): 0 6 8 12 15 22 23 27 28 29 30 36 41 42 44 45 49 53 57 66 69 70 84 85 89 95 97 101 102 105 111 117 121 123 131 132 134 139 140 142 145 148 154 155 157 164 171 172 173 174 175 176 177 178 179 182 186 195 198 207 209 210 211 212 215 217 218 220 227 228 236 237 239 241 244 246 247 252 261 267 269 274 280 282 290 291 297 305 306 307 308 312 315 321 322 323 327 335 342 349 350 351 356 357 369 372 373 374 375 376 379 380 381 382 384 388 389 390 394 397 399 407 408 413 414 417 418 419 420 424 427 431 436 438 439 442 444 449 450 455 459 460 462 470 471 472 475 476 477 491 492 497 
	Cluster 1 SSE = 1466.94
Centroid 2 = F, 0.631594, 0.497681, 0.16942, 1.32819, 0.573848, 0.293551, 0.368261, 11.6667
	Members of Cluster (69): 1 16 19 21 43 64 68 86 88 93 98 122 133 144 156 159 161 181 185 197 199 208 219 224 226 229 230 243 251 254 256 260 265 270 275 276 283 284 285 289 294 298 300 317 319 320 324 329 333 334 336 343 344 361 371 393 400 401 411 412 422 445 446 447 452 466 478 481 488 
	Cluster 2 SSE = 458.523
Centroid 3 = F, 0.549095, 0.432476, 0.147476, 0.870748, 0.36599, 0.192133, 0.254638, 10.819
	Members of Cluster (105): 2 5 10 14 17 18 24 26 38 39 46 48 51 56 58 59 61 73 74 80 83 87 94 96 107 108 113 119 127 130 141 143 149 150 151 158 162 166 180 184 189 190 191 196 201 204 213 221 222 223 225 233 235 240 245 249 250 264 266 268 277 279 281 286 293 295 299 301 303 304 318 325 328 330 337 340 341 345 352 360 365 370 378 386 402 409 415 421 428 430 432 434 440 441 458 461 463 464 468 473 479 480 482 487 498 
	Cluster 3 SSE = 911.729
Total SSE (sum squared-distance of each row with its centroid) = 3949.28
Davies-Bouldin Index: 12.4728
------------------------------------------------------------
Assigning each row to the cluster of the nearest centroid...
------------------------------------------------------------
There are 4 clusters
Recomputing the centroids for each cluster...
Centroid 0 = I, 0.411293, 0.312011, 0.104282, 0.383293, 0.171672, 0.0823563, 0.113851, 7.66667
	Members of Cluster (174): 3 4 7 9 11 13 20 25 31 32 33 34 35 37 40 47 50 52 54 55 60 62 63 65 67 71 72 75 76 77 78 79 81 82 90 91 92 99 100 103 104 106 109 110 112 114 115 116 118 120 124 125 126 128 129 135 136 137 138 146 147 152 153 160 163 165 167 168 169 170 183 187 188 192 193 194 200 202 203 205 206 214 216 231 232 234 238 242 248 253 255 257 258 259 262 263 271 272 273 278 287 288 292 296 302 309 310 311 313 314 316 326 331 332 338 339 346 347 348 353 354 355 358 359 362 363 364 366 367 368 377 383 385 387 391 392 395 396 398 403 404 405 406 410 416 423 425 426 429 433 435 437 443 448 451 453 454 456 457 465 467 469 474 483 484 485 486 489 490 493 494 495 496 499 
	Cluster 0 SSE = 1112.09
Centroid 1 = M, 0.597829, 0.469967, 0.165789, 1.17233, 0.515872, 0.250115, 0.327592, 11.3421
	Members of Cluster (152): 0 6 8 12 15 22 23 27 28 29 30 36 41 42 44 45 49 53 57 66 69 70 84 85 89 95 97 101 102 105 111 117 121 123 131 132 134 139 140 142 145 148 154 155 157 164 171 172 173 174 175 176 177 178 179 182 186 195 198 207 209 210 211 212 215 217 218 220 227 228 236 237 239 241 244 246 247 252 261 267 269 274 280 282 290 291 297 305 306 307 308 312 315 321 322 323 327 335 342 349 350 351 356 357 369 372 373 374 375 376 379 380 381 382 384 388 389 390 394 397 399 407 408 413 414 417 418 419 420 424 427 431 436 438 439 442 444 449 450 455 459 460 462 470 471 472 475 476 477 491 492 497 
	Cluster 1 SSE = 1466.94
Centroid 2 = F, 0.631594, 0.497681, 0.16942, 1.32819, 0.573848, 0.293551, 0.368261, 11.6667
	Members of Cluster (69): 1 16 19 21 43 64 68 86 88 93 98 122 133 144 156 159 161 181 185 197 199 208 219 224 226 229 230 243 251 254 256 260 265 270 275 276 283 284 285 289 294 298 300 317 319 320 324 329 333 334 336 343 344 361 371 393 400 401 411 412 422 445 446 447 452 466 478 481 488 
	Cluster 2 SSE = 458.523
Centroid 3 = F, 0.549095, 0.432476, 0.147476, 0.870748, 0.36599, 0.192133, 0.254638, 10.819
	Members of Cluster (105): 2 5 10 14 17 18 24 26 38 39 46 48 51 56 58 59 61 73 74 80 83 87 94 96 107 108 113 119 127 130 141 143 149 150 151 158 162 166 180 184 189 190 191 196 201 204 213 221 222 223 225 233 235 240 245 249 250 264 266 268 277 279 281 286 293 295 299 301 303 304 318 325 328 330 337 340 341 345 352 360 365 370 378 386 402 409 415 421 428 430 432 434 440 441 458 461 463 464 468 473 479 480 482 487 498 
	Cluster 3 SSE = 911.729
Total SSE (sum squared-distance of each row with its centroid) = 3949.28
Davies-Bouldin Index: 12.4728
------------------------------------------------------------
Assigning each row to the cluster of the nearest centroid...
------------------------------------------------------------
There are 4 clusters
Recomputing the centroids for each cluster...
Centroid 0 = I, 0.411293, 0.312011, 0.104282, 0.383293, 0.171672, 0.0823563, 0.113851, 7.66667
	Members of Cluster (174): 3 4 7 9 11 13 20 25 31 32 33 34 35 37 40 47 50 52 54 55 60 62 63 65 67 71 72 75 76 77 78 79 81 82 90 91 92 99 100 103 104 106 109 110 112 114 115 116 118 120 124 125 126 128 129 135 136 137 138 146 147 152 153 160 163 165 167 168 169 170 183 187 188 192 193 194 200 202 203 205 206 214 216 231 232 234 238 242 248 253 255 257 258 259 262 263 271 272 273 278 287 288 292 296 302 309 310 311 313 314 316 326 331 332 338 339 346 347 348 353 354 355 358 359 362 363 364 366 367 368 377 383 385 387 391 392 395 396 398 403 404 405 406 410 416 423 425 426 429 433 435 437 443 448 451 453 454 456 457 465 467 469 474 483 484 485 486 489 490 493 494 495 496 499 
	Cluster 0 SSE = 1112.09
Centroid 1 = M, 0.597829, 0.469967, 0.165789, 1.17233, 0.515872, 0.250115, 0.327592, 11.3421
	Members of Cluster (152): 0 6 8 12 15 22 23 27 28 29 30 36 41 42 44 45 49 53 57 66 69 70 84 85 89 95 97 101 102 105 111 117 121 123 131 132 134 139 140 142 145 148 154 155 157 164 171 172 173 174 175 176 177 178 179 182 186 195 198 207 209 210 211 212 215 217 218 220 227 228 236 237 239 241 244 246 247 252 261 267 269 274 280 282 290 291 297 305 306 307 308 312 315 321 322 323 327 335 342 349 350 351 356 357 369 372 373 374 375 376 379 380 381 382 384 388 389 390 394 397 399 407 408 413 414 417 418 419 420 424 427 431 436 438 439 442 444 449 450 455 459 460 462 470 471 472 475 476 477 491 492 497 
	Cluster 1 SSE = 1466.94
Centroid 2 = F, 0.631594, 0.497681, 0.16942, 1.32819, 0.573848, 0.293551, 0.368261, 11.6667
	Members of Cluster (69): 1 16 19 21 43 64 68 86 88 93 98 122 133 144 156 159 161 181 185 197 199 208 219 224 226 229 230 243 251 254 256 260 265 270 275 276 283 284 285 289 294 298 300 317 319 320 324 329 333 334 336 343 344 361 371 393 400 401 411 412 422 445 446 447 452 466 478 481 488 
	Cluster 2 SSE = 458.523
Centroid 3 = F, 0.549095, 0.432476, 0.147476, 0.870748, 0.36599, 0.192133, 0.254638, 10.819
	Members of Cluster (105): 2 5 10 14 17 18 24 26 38 39 46 48 51 56 58 59 61 73 74 80 83 87 94 96 107 108 113 119 127 130 141 143 149 150 151 158 162 166 180 184 189 190 191 196 201 204 213 221 222 223 225 233 235 240 245 249 250 264 266 268 277 279 281 286 293 295 299 301 303 304 318 325 328 330 337 340 341 345 352 360 365 370 378 386 402 409 415 421 428 430 432 434 440 441 458 461 463 464 468 473 479 480 482 487 498 
	Cluster 3 SSE = 911.729
Total SSE (sum squared-distance of each row with its centroid) = 3949.28
Davies-Bouldin Index: 12.4728
------------------------------------------------------------
Assigning each row to the cluster of the nearest centroid...
------------------------------------------------------------
There are 4 clusters
Recomputing the centroids for each cluster...
Centroid 0 = I, 0.411293, 0.312011, 0.104282, 0.383293, 0.171672, 0.0823563, 0.113851, 7.66667
	Members of Cluster (174): 3 4 7 9 11 13 20 25 31 32 33 34 35 37 40 47 50 52 54 55 60 62 63 65 67 71 72 75 76 77 78 79 81 82 90 91 92 99 100 103 104 106 109 110 112 114 115 116 118 120 124 125 126 128 129 135 136 137 138 146 147 152 153 160 163 165 167 168 169 170 183 187 188 192 193 194 200 202 203 205 206 214 216 231 232 234 238 242 248 253 255 257 258 259 262 263 271 272 273 278 287 288 292 296 302 309 310 311 313 314 316 326 331 332 338 339 346 347 348 353 354 355 358 359 362 363 364 366 367 368 377 383 385 387 391 392 395 396 398 403 404 405 406 410 416 423 425 426 429 433 435 437 443 448 451 453 454 456 457 465 467 469 474 483 484 485 486 489 490 493 494 495 496 499 
	Cluster 0 SSE = 1112.09
Centroid 1 = M, 0.597829, 0.469967, 0.165789, 1.17233, 0.515872, 0.250115, 0.327592, 11.3421
	Members of Cluster (152): 0 6 8 12 15 22 23 27 28 29 30 36 41 42 44 45 49 53 57 66 69 70 84 85 89 95 97 101 102 105 111 117 121 123 131 132 134 139 140 142 145 148 154 155 157 164 171 172 173 174 175 176 177 178 179 182 186 195 198 207 209 210 211 212 215 217 218 220 227 228 236 237 239 241 244 246 247 252 261 267 269 274 280 282 290 291 297 305 306 307 308 312 315 321 322 323 327 335 342 349 350 351 356 357 369 372 373 374 375 376 379 380 381 382 384 388 389 390 394 397 399 407 408 413 414 417 418 419 420 424 427 431 436 438 439 442 444 449 450 455 459 460 462 470 471 472 475 476 477 491 492 497 
	Cluster 1 SSE = 1466.94
Centroid 2 = F, 0.631594, 0.497681, 0.16942, 1.32819, 0.573848, 0.293551, 0.368261, 11.6667
	Members of Cluster (69): 1 16 19 21 43 64 68 86 88 93 98 122 133 144 156 159 161 181 185 197 199 208 219 224 226 229 230 243 251 254 256 260 265 270 275 276 283 284 285 289 294 298 300 317 319 320 324 329 333 334 336 343 344 361 371 393 400 401 411 412 422 445 446 447 452 466 478 481 488 
	Cluster 2 SSE = 458.523
Centroid 3 = F, 0.549095, 0.432476, 0.147476, 0.870748, 0.36599, 0.192133, 0.254638, 10.819
	Members of Cluster (105): 2 5 10 14 17 18 24 26 38 39 46 48 51 56 58 59 61 73 74 80 83 87 94 96 107 108 113 119 127 130 141 143 149 150 151 158 162 166 180 184 189 190 191 196 201 204 213 221 222 223 225 233 235 240 245 249 250 264 266 268 277 279 281 286 293 295 299 301 303 304 318 325 328 330 337 340 341 345 352 360 365 370 378 386 402 409 415 421 428 430 432 434 440 441 458 461 463 464 468 473 479 480 482 487 498 
	Cluster 3 SSE = 911.729
Total SSE (sum squared-distance of each row with its centroid) = 3949.28
Davies-Bouldin Index: 12.4728
Convergence is detected because the sum squared-distance did not improve, and more than 3 iterations were performed
