Dataset name: ../data/abalone500.arff
Number of instances (rows): 500
Number of attributes (cols): 9
Learning algorithm: clustering
Evaluation method: training
Running k-means...
Centroid 0 = M, 0.792, 0.742574, 0.244898, 0.748787, 0.585408, 0.432916, 0.517325, 0.47619
Centroid 1 = F, 0.928, 0.910891, 0.295918, 0.615693, 0.465269, 0.670841, 0.688961, 0.428571
Centroid 2 = M, 0.784, 0.732673, 0.326531, 0.53301, 0.501529, 0.539356, 0.510073, 0.428571
Centroid 3 = I, 0.624, 0.564356, 0.183673, 0.275891, 0.282656, 0.29517, 0.224013, 0.190476
Centroid 4 = M, 0.704, 0.762376, 0.306122, 0.495465, 0.409786, 0.457961, 0.606769, 0.380952
Centroid 5 = F, 0.368, 0.346535, 0.132653, 0.0750896, 0.0694626, 0.0599284, 0.0829976, 0.0952381
Centroid 6 = F, 0.792, 0.831683, 0.255102, 0.5193, 0.453036, 0.539356, 0.574537, 0.571429
------------------------------------------------------------
Assigning each row to the cluster of the nearest centroid...
------------------------------------------------------------
There are 7 clusters
Recomputing the centroids for each cluster...
Centroid 0 = M, 0.887692, 0.886519, 0.372449, 0.775713, 0.74075, 0.672905, 0.758724, 0.384615
	Members of Cluster (26): 42 49 70 84 131 179 209 227 236 237 244 280 322 323 342 375 381 388 413 417 438 455 470 471 476 497 
	Cluster 0 SSE = 2.20948
Centroid 1 = F, 0.90819, 0.90099, 0.326531, 0.730015, 0.66494, 0.668669, 0.777982, 0.412698
	Members of Cluster (21): 16 59 122 159 185 251 254 264 265 275 276 277 333 336 371 393 400 411 422 446 452 
	Cluster 1 SSE = 1.49339
Centroid 2 = M, 0.804757, 0.795023, 0.294264, 0.545398, 0.526147, 0.511435, 0.545179, 0.350064
	Members of Cluster (37): 8 12 30 36 45 53 85 105 111 121 123 132 140 142 164 171 174 182 228 247 261 269 306 369 384 390 399 407 414 418 419 424 439 444 449 450 462 
	Cluster 2 SSE = 1.42916
Centroid 3 = I, 0.465053, 0.444177, 0.166018, 0.167327, 0.156124, 0.144707, 0.189856, 0.22995
	Members of Cluster (152): 3 4 9 20 25 26 31 32 33 34 37 40 50 52 54 55 60 62 63 65 67 72 75 76 77 78 79 81 82 90 91 92 94 99 100 103 104 106 110 113 114 115 116 118 124 125 126 128 129 135 136 137 138 146 147 152 153 160 163 165 167 168 169 170 183 187 188 193 194 200 202 205 206 214 216 231 232 234 238 242 248 253 255 259 263 272 273 278 287 288 292 296 302 309 310 311 313 316 326 331 332 338 346 348 352 353 354 355 358 359 363 364 366 377 382 383 385 387 391 392 395 396 398 403 405 406 410 416 423 425 426 429 433 435 437 443 448 451 454 456 457 465 467 469 474 483 486 489 490 493 494 499 
	Cluster 3 SSE = 20.8468
Centroid 4 = M, 0.664222, 0.657316, 0.251039, 0.362334, 0.30973, 0.325631, 0.416361, 0.393298
	Members of Cluster (108): 0 6 11 13 15 22 23 24 27 28 29 41 44 47 57 66 69 74 89 95 97 101 102 112 117 130 134 139 143 145 148 154 155 172 173 175 176 177 178 186 190 195 198 203 207 210 211 212 215 217 218 220 223 239 241 246 252 267 274 279 282 290 291 297 305 307 308 312 314 315 321 327 335 339 341 347 349 350 351 356 357 372 373 374 376 379 380 389 394 397 408 420 427 431 436 442 453 459 460 463 472 475 477 482 484 491 492 496 
	Cluster 4 SSE = 13.9559
Centroid 5 = F, 0.471304, 0.464701, 0.182564, 0.178154, 0.149306, 0.166349, 0.210542, 0.318841
	Members of Cluster (46): 5 7 35 46 56 61 68 71 80 96 109 119 120 157 166 180 189 192 208 221 222 233 235 245 257 258 262 271 286 289 303 340 345 362 365 367 368 370 404 415 468 473 478 485 487 495 
	Cluster 5 SSE = 15.4137
Centroid 6 = F, 0.744, 0.741404, 0.274861, 0.453474, 0.398733, 0.420182, 0.487708, 0.390043
	Members of Cluster (110): 1 2 10 14 17 18 19 21 38 39 43 48 51 58 64 73 83 86 87 88 93 98 107 108 127 133 141 144 149 150 151 156 158 161 162 181 184 191 196 197 199 201 204 213 219 224 225 226 229 230 240 243 249 250 256 260 266 268 270 281 283 284 285 293 294 295 298 299 300 301 304 317 318 319 320 324 325 328 329 330 334 337 343 344 360 361 378 386 401 402 409 412 421 428 430 432 434 440 441 445 447 458 461 464 466 479 480 481 488 498 
	Cluster 6 SSE = 7.45524
Total SSE (sum squared-distance of each row with its centroid) = 62.8037
Davies-Bouldin Index: 0.757287
------------------------------------------------------------
Assigning each row to the cluster of the nearest centroid...
------------------------------------------------------------
There are 7 clusters
Recomputing the centroids for each cluster...
Centroid 0 = M, 0.893565, 0.899699, 0.386868, 0.789624, 0.73989, 0.706619, 0.806818, 0.424431
	Members of Cluster (23): 42 49 70 84 131 179 218 237 239 244 247 280 342 381 388 413 417 438 455 470 471 476 497 
	Cluster 0 SSE = 2.30257
Centroid 1 = F, 0.891, 0.881601, 0.325255, 0.721877, 0.653561, 0.657089, 0.764202, 0.404762
	Members of Cluster (24): 16 43 59 122 159 185 251 254 264 265 275 276 277 294 333 336 371 393 400 411 422 446 452 466 
	Cluster 1 SSE = 1.76597
Centroid 2 = M, 0.807484, 0.800064, 0.297893, 0.547822, 0.499817, 0.489469, 0.581308, 0.399386
	Members of Cluster (62): 6 8 12 30 36 44 45 53 57 85 97 101 102 105 121 123 132 140 142 164 171 172 174 209 211 217 220 227 228 236 241 252 261 269 306 307 322 323 327 349 350 369 375 379 380 384 390 394 399 407 414 418 419 420 424 439 444 449 450 460 462 492 
	Cluster 2 SSE = 2.97538
Centroid 3 = I, 0.465053, 0.444177, 0.166018, 0.167327, 0.156124, 0.144707, 0.189856, 0.22995
	Members of Cluster (152): 3 4 9 20 25 26 31 32 33 34 37 40 50 52 54 55 60 62 63 65 67 72 75 76 77 78 79 81 82 90 91 92 94 99 100 103 104 106 110 113 114 115 116 118 124 125 126 128 129 135 136 137 138 146 147 152 153 160 163 165 167 168 169 170 183 187 188 193 194 200 202 205 206 214 216 231 232 234 238 242 248 253 255 259 263 272 273 278 287 288 292 296 302 309 310 311 313 316 326 331 332 338 346 348 352 353 354 355 358 359 363 364 366 377 382 383 385 387 391 392 395 396 398 403 405 406 410 416 423 425 426 429 433 435 437 443 448 451 454 456 457 465 467 469 474 483 486 489 490 493 494 499 
	Cluster 3 SSE = 20.8468
Centroid 4 = M, 0.587546, 0.577218, 0.221544, 0.288025, 0.254012, 0.262794, 0.319596, 0.341188
	Members of Cluster (97): 0 7 11 13 15 22 23 24 27 28 29 35 41 47 66 69 74 89 95 109 111 112 117 120 130 134 139 143 145 148 154 155 157 173 175 176 177 178 182 186 190 195 198 203 207 210 212 215 223 246 267 271 274 279 282 290 291 297 305 308 312 314 315 321 335 339 341 347 351 356 357 362 368 372 373 374 376 389 397 404 408 427 431 436 442 453 459 463 472 475 477 482 484 485 491 495 496 
	Cluster 4 SSE = 13.1696
Centroid 5 = F, 0.544615, 0.541254, 0.209053, 0.224328, 0.189804, 0.208041, 0.2636, 0.349206
	Members of Cluster (39): 5 46 56 61 68 71 80 96 119 166 180 189 192 208 221 222 233 235 245 257 258 262 286 289 303 304 318 340 345 365 367 370 402 409 415 468 473 478 487 
	Cluster 5 SSE = 2.05395
Centroid 6 = F, 0.747107, 0.74517, 0.275312, 0.453876, 0.39939, 0.422591, 0.488504, 0.395284
	Members of Cluster (103): 1 2 10 14 17 18 19 21 38 39 48 51 58 64 73 83 86 87 88 93 98 107 108 127 133 141 144 149 150 151 156 158 161 162 181 184 191 196 197 199 201 204 213 219 224 225 226 229 230 240 243 249 250 256 260 266 268 270 281 283 284 285 293 295 298 299 300 301 317 319 320 324 325 328 329 330 334 337 343 344 360 361 378 386 401 412 421 428 430 432 434 440 441 445 447 458 461 464 479 480 481 488 498 
	Cluster 6 SSE = 6.40732
Total SSE (sum squared-distance of each row with its centroid) = 49.5216
Davies-Bouldin Index: 0.4712
------------------------------------------------------------
Assigning each row to the cluster of the nearest centroid...
------------------------------------------------------------
There are 7 clusters
Recomputing the centroids for each cluster...
Centroid 0 = M, 0.899429, 0.904762, 0.390185, 0.798947, 0.755393, 0.721058, 0.812287, 0.430839
	Members of Cluster (21): 42 49 70 84 179 218 237 239 244 247 280 342 381 388 413 417 438 470 471 476 497 
	Cluster 0 SSE = 2.13541
Centroid 1 = F, 0.891, 0.881601, 0.325255, 0.721877, 0.653561, 0.657089, 0.764202, 0.404762
	Members of Cluster (24): 16 43 59 122 159 185 251 254 264 265 275 276 277 294 333 336 371 393 400 411 422 446 452 466 
	Cluster 1 SSE = 1.76597
Centroid 2 = M, 0.796156, 0.789893, 0.294461, 0.530164, 0.480576, 0.473596, 0.56515, 0.406926
	Members of Cluster (77): 6 8 12 23 30 36 44 45 53 57 66 85 97 101 102 105 121 123 131 132 140 142 164 171 172 173 174 175 190 195 209 211 215 217 220 227 228 236 241 252 261 269 282 290 297 306 307 308 322 323 327 349 350 369 375 379 380 384 390 394 397 399 407 414 418 419 420 424 427 439 444 449 450 455 460 462 492 
	Cluster 2 SSE = 4.43472
Centroid 3 = I, 0.465053, 0.444177, 0.166018, 0.167327, 0.156124, 0.144707, 0.189856, 0.22995
	Members of Cluster (152): 3 4 9 20 25 26 31 32 33 34 37 40 50 52 54 55 60 62 63 65 67 72 75 76 77 78 79 81 82 90 91 92 94 99 100 103 104 106 110 113 114 115 116 118 124 125 126 128 129 135 136 137 138 146 147 152 153 160 163 165 167 168 169 170 183 187 188 193 194 200 202 205 206 214 216 231 232 234 238 242 248 253 255 259 263 272 273 278 287 288 292 296 302 309 310 311 313 316 326 331 332 338 346 348 352 353 354 355 358 359 363 364 366 377 382 383 385 387 391 392 395 396 398 403 405 406 410 416 423 425 426 429 433 435 437 443 448 451 454 456 457 465 467 469 474 483 486 489 490 493 494 499 
	Cluster 3 SSE = 20.8468
Centroid 4 = M, 0.564476, 0.553159, 0.214164, 0.267432, 0.235448, 0.243824, 0.297907, 0.324263
	Members of Cluster (84): 0 7 11 13 15 22 24 27 28 29 35 41 47 69 74 89 95 109 111 112 117 120 130 134 139 143 145 148 154 155 157 176 177 178 182 186 198 203 207 210 212 223 246 267 271 274 279 291 305 312 314 315 321 335 339 341 347 351 356 357 362 368 372 373 374 376 389 404 408 431 436 442 453 459 463 472 475 477 482 484 485 491 495 496 
	Cluster 4 SSE = 10.7365
Centroid 5 = F, 0.569255, 0.568239, 0.216887, 0.246626, 0.206855, 0.227893, 0.290642, 0.366013
	Members of Cluster (51): 2 5 39 46 56 61 68 71 73 80 96 119 166 180 189 191 192 201 208 221 222 225 233 235 245 257 258 262 270 286 289 303 304 318 340 345 360 365 367 370 402 409 415 421 430 458 464 468 473 478 487 
	Cluster 5 SSE = 3.14228
Centroid 6 = F, 0.76, 0.756936, 0.279659, 0.471649, 0.417472, 0.439757, 0.503006, 0.391941
	Members of Cluster (91): 1 10 14 17 18 19 21 38 48 51 58 64 83 86 87 88 93 98 107 108 127 133 141 144 149 150 151 156 158 161 162 181 184 196 197 199 204 213 219 224 226 229 230 240 243 249 250 256 260 266 268 281 283 284 285 293 295 298 299 300 301 317 319 320 324 325 328 329 330 334 337 343 344 361 378 386 401 412 428 432 434 440 441 445 447 461 479 480 481 488 498 
	Cluster 6 SSE = 4.7564
Total SSE (sum squared-distance of each row with its centroid) = 47.8181
Davies-Bouldin Index: 0.453699
------------------------------------------------------------
Assigning each row to the cluster of the nearest centroid...
------------------------------------------------------------
There are 7 clusters
Recomputing the centroids for each cluster...
Centroid 0 = M, 0.896364, 0.90234, 0.387291, 0.793532, 0.74725, 0.7141, 0.810051, 0.426407
	Members of Cluster (22): 42 49 70 84 179 218 237 239 244 247 280 342 381 388 413 417 438 455 470 471 476 497 
	Cluster 0 SSE = 2.22427
Centroid 1 = F, 0.891, 0.881601, 0.325255, 0.721877, 0.653561, 0.657089, 0.764202, 0.404762
	Members of Cluster (24): 16 43 59 122 159 185 251 254 264 265 275 276 277 294 333 336 371 393 400 411 422 446 452 466 
	Cluster 1 SSE = 1.76597
Centroid 2 = M, 0.778696, 0.772277, 0.288376, 0.505385, 0.458849, 0.45448, 0.540194, 0.40528
	Members of Cluster (92): 0 6 8 12 22 23 24 30 36 44 45 53 57 66 85 89 97 101 102 105 121 123 130 131 132 134 140 142 164 171 172 173 174 175 178 182 190 195 207 209 211 215 217 220 227 228 236 241 246 252 261 269 279 282 290 297 306 307 308 322 323 327 349 350 357 369 374 375 379 380 384 390 394 397 399 407 408 414 418 419 420 424 427 439 444 449 450 460 462 463 475 492 
	Cluster 2 SSE = 5.85975
Centroid 3 = I, 0.465053, 0.444177, 0.166018, 0.167327, 0.156124, 0.144707, 0.189856, 0.22995
	Members of Cluster (152): 3 4 9 20 25 26 31 32 33 34 37 40 50 52 54 55 60 62 63 65 67 72 75 76 77 78 79 81 82 90 91 92 94 99 100 103 104 106 110 113 114 115 116 118 124 125 126 128 129 135 136 137 138 146 147 152 153 160 163 165 167 168 169 170 183 187 188 193 194 200 202 205 206 214 216 231 232 234 238 242 248 253 255 259 263 272 273 278 287 288 292 296 302 309 310 311 313 316 326 331 332 338 346 348 352 353 354 355 358 359 363 364 366 377 382 383 385 387 391 392 395 396 398 403 405 406 410 416 423 425 426 429 433 435 437 443 448 451 454 456 457 465 467 469 474 483 486 489 490 493 494 499 
	Cluster 3 SSE = 20.8468
Centroid 4 = M, 0.533059, 0.520384, 0.203031, 0.236935, 0.20576, 0.214235, 0.265879, 0.308123
	Members of Cluster (68): 7 11 13 15 27 28 29 35 41 47 69 74 95 109 111 112 117 120 139 143 145 148 154 155 157 176 177 186 198 203 210 212 223 267 271 274 291 305 312 314 315 321 335 339 341 347 351 356 362 368 372 373 376 389 404 431 436 442 453 459 472 477 482 484 485 491 495 496 
	Cluster 4 SSE = 8.05551
Centroid 5 = F, 0.576714, 0.575141, 0.220481, 0.255386, 0.213966, 0.239586, 0.298952, 0.363946
	Members of Cluster (56): 2 5 39 46 56 61 68 71 73 80 83 96 98 119 166 180 189 191 192 201 208 221 222 225 233 235 245 257 258 262 270 286 289 300 303 304 318 337 340 345 360 365 367 370 402 409 415 421 430 432 458 464 468 473 478 487 
	Cluster 5 SSE = 3.47131
Centroid 6 = F, 0.766233, 0.763412, 0.280968, 0.479028, 0.425087, 0.444461, 0.509941, 0.394795
	Members of Cluster (86): 1 10 14 17 18 19 21 38 48 51 58 64 86 87 88 93 107 108 127 133 141 144 149 150 151 156 158 161 162 181 184 196 197 199 204 213 219 224 226 229 230 240 243 249 250 256 260 266 268 281 283 284 285 293 295 298 299 301 317 319 320 324 325 328 329 330 334 343 344 361 378 386 401 412 428 434 440 441 445 447 461 479 480 481 488 498 
	Cluster 6 SSE = 4.2587
Total SSE (sum squared-distance of each row with its centroid) = 46.4824
Davies-Bouldin Index: 0.437671
------------------------------------------------------------
Assigning each row to the cluster of the nearest centroid...
------------------------------------------------------------
There are 7 clusters
Recomputing the centroids for each cluster...
Centroid 0 = M, 0.888889, 0.892189, 0.376795, 0.772755, 0.71524, 0.697774, 0.779628, 0.421517
	Members of Cluster (27): 42 49 70 84 131 179 218 227 237 239 244 247 280 323 342 381 388 413 417 438 439 455 462 470 471 476 497 
	Cluster 0 SSE = 2.6945
Centroid 1 = F, 0.894609, 0.885493, 0.325643, 0.724182, 0.658727, 0.661391, 0.771748, 0.405797
	Members of Cluster (23): 16 43 59 122 159 185 251 254 264 265 275 276 277 333 336 371 393 400 411 422 446 452 466 
	Cluster 1 SSE = 1.69043
Centroid 2 = M, 0.76103, 0.754338, 0.282683, 0.479007, 0.434701, 0.430852, 0.51691, 0.39934
	Members of Cluster (101): 0 6 8 12 22 23 24 28 29 30 36 44 45 53 57 66 85 89 97 101 102 105 111 117 121 123 130 132 134 139 140 142 155 164 171 172 173 174 175 178 182 186 190 195 198 207 209 211 215 217 220 223 228 236 241 246 252 261 269 279 282 290 297 306 307 308 322 327 349 350 357 369 372 373 374 375 376 379 380 384 389 390 394 397 399 407 408 414 418 419 420 424 427 444 449 450 460 463 472 475 492 
	Cluster 2 SSE = 6.57622
Centroid 3 = I, 0.465053, 0.444177, 0.166018, 0.167327, 0.156124, 0.144707, 0.189856, 0.22995
	Members of Cluster (152): 3 4 9 20 25 26 31 32 33 34 37 40 50 52 54 55 60 62 63 65 67 72 75 76 77 78 79 81 82 90 91 92 94 99 100 103 104 106 110 113 114 115 116 118 124 125 126 128 129 135 136 137 138 146 147 152 153 160 163 165 167 168 169 170 183 187 188 193 194 200 202 205 206 214 216 231 232 234 238 242 248 253 255 259 263 272 273 278 287 288 292 296 302 309 310 311 313 316 326 331 332 338 346 348 352 353 354 355 358 359 363 364 366 377 382 383 385 387 391 392 395 396 398 403 405 406 410 416 423 425 426 429 433 435 437 443 448 451 454 456 457 465 467 469 474 483 486 489 490 493 494 499 
	Cluster 3 SSE = 20.8468
Centroid 4 = M, 0.495259, 0.481665, 0.187642, 0.200384, 0.174611, 0.180266, 0.228534, 0.294533
	Members of Cluster (54): 7 11 13 15 27 35 41 47 69 74 95 109 112 120 143 145 148 154 157 176 177 203 210 212 267 271 274 291 305 312 314 315 321 335 339 341 347 351 356 362 368 404 431 436 442 453 459 477 482 484 485 491 495 496 
	Cluster 4 SSE = 5.46738
Centroid 5 = F, 0.580828, 0.578354, 0.222203, 0.258832, 0.217412, 0.242104, 0.302759, 0.367816
	Members of Cluster (58): 2 5 39 46 56 58 61 68 71 73 80 83 96 98 119 151 166 180 189 191 192 201 208 221 222 225 233 235 245 257 258 262 270 286 289 300 303 304 318 337 340 345 360 365 367 370 402 409 415 421 430 432 458 464 468 473 478 487 
	Cluster 5 SSE = 3.62994
Centroid 6 = F, 0.768376, 0.765987, 0.281633, 0.484172, 0.428993, 0.4489, 0.513258, 0.392717
	Members of Cluster (85): 1 10 14 17 18 19 21 38 48 51 64 86 87 88 93 107 108 127 133 141 144 149 150 156 158 161 162 181 184 196 197 199 204 213 219 224 226 229 230 240 243 249 250 256 260 266 268 281 283 284 285 293 294 295 298 299 301 317 319 320 324 325 328 329 330 334 343 344 361 378 386 401 412 428 434 440 441 445 447 461 479 480 481 488 498 
	Cluster 6 SSE = 4.15805
Total SSE (sum squared-distance of each row with its centroid) = 45.0634
Davies-Bouldin Index: 0.421541
------------------------------------------------------------
Assigning each row to the cluster of the nearest centroid...
------------------------------------------------------------
There are 7 clusters
Recomputing the centroids for each cluster...
Centroid 0 = M, 0.883879, 0.882088, 0.367038, 0.746365, 0.698625, 0.678403, 0.751691, 0.411255
	Members of Cluster (33): 42 49 70 84 131 132 140 179 218 227 236 237 239 244 247 280 306 322 323 342 381 388 413 417 419 438 439 455 462 470 471 476 497 
	Cluster 0 SSE = 3.14514
Centroid 1 = F, 0.894609, 0.885493, 0.325643, 0.724182, 0.658727, 0.661391, 0.771748, 0.405797
	Members of Cluster (23): 16 43 59 122 159 185 251 254 264 265 275 276 277 333 336 371 393 400 411 422 446 452 466 
	Cluster 1 SSE = 1.69043
Centroid 2 = M, 0.750612, 0.744898, 0.279155, 0.466674, 0.419326, 0.419107, 0.50657, 0.398931
	Members of Cluster (98): 0 6 8 12 22 23 24 28 29 30 36 44 45 53 57 66 85 89 97 101 102 105 111 117 121 123 130 134 139 142 143 155 164 171 172 173 174 175 178 182 186 190 195 198 207 209 211 215 217 220 223 228 241 246 252 261 269 279 282 290 297 307 308 327 349 350 357 369 372 373 374 375 376 379 380 384 389 390 394 397 399 407 408 414 418 420 424 427 436 444 449 450 460 463 472 475 482 492 
	Cluster 2 SSE = 6.02195
Centroid 3 = I, 0.465053, 0.444177, 0.166018, 0.167327, 0.156124, 0.144707, 0.189856, 0.22995
	Members of Cluster (152): 3 4 9 20 25 26 31 32 33 34 37 40 50 52 54 55 60 62 63 65 67 72 75 76 77 78 79 81 82 90 91 92 94 99 100 103 104 106 110 113 114 115 116 118 124 125 126 128 129 135 136 137 138 146 147 152 153 160 163 165 167 168 169 170 183 187 188 193 194 200 202 205 206 214 216 231 232 234 238 242 248 253 255 259 263 272 273 278 287 288 292 296 302 309 310 311 313 316 326 331 332 338 346 348 352 353 354 355 358 359 363 364 366 377 382 383 385 387 391 392 395 396 398 403 405 406 410 416 423 425 426 429 433 435 437 443 448 451 454 456 457 465 467 469 474 483 486 489 490 493 494 499 
	Cluster 3 SSE = 20.8468
Centroid 4 = M, 0.487843, 0.474083, 0.184074, 0.19021, 0.166602, 0.169227, 0.218609, 0.293184
	Members of Cluster (51): 7 11 13 15 27 35 41 47 69 74 95 109 112 120 145 148 154 157 176 177 203 210 212 267 271 274 291 305 312 314 315 321 335 339 341 347 351 356 362 368 404 431 442 453 459 477 484 485 491 495 496 
	Cluster 4 SSE = 4.96812
Centroid 5 = F, 0.583729, 0.581641, 0.222587, 0.259918, 0.218902, 0.242655, 0.30406, 0.366425
	Members of Cluster (59): 2 5 39 46 56 58 61 68 71 73 80 83 96 98 119 151 166 180 189 191 192 201 208 221 222 225 233 235 245 257 258 262 270 286 289 300 303 304 318 337 340 345 360 365 367 370 402 409 415 421 430 432 458 461 464 468 473 478 487 
	Cluster 5 SSE = 3.72132
Centroid 6 = F, 0.768571, 0.765912, 0.28207, 0.486091, 0.430465, 0.450975, 0.51485, 0.393991
	Members of Cluster (84): 1 10 14 17 18 19 21 38 48 51 64 86 87 88 93 107 108 127 133 141 144 149 150 156 158 161 162 181 184 196 197 199 204 213 219 224 226 229 230 240 243 249 250 256 260 266 268 281 283 284 285 293 294 295 298 299 301 317 319 320 324 325 328 329 330 334 343 344 361 378 386 401 412 428 434 440 441 445 447 479 480 481 488 498 
	Cluster 6 SSE = 4.05418
Total SSE (sum squared-distance of each row with its centroid) = 44.448
Davies-Bouldin Index: 0.422706
------------------------------------------------------------
Assigning each row to the cluster of the nearest centroid...
------------------------------------------------------------
There are 7 clusters
Recomputing the centroids for each cluster...
Centroid 0 = M, 0.877333, 0.875349, 0.359759, 0.724693, 0.673925, 0.653869, 0.74361, 0.413919
	Members of Cluster (39): 42 49 70 84 131 132 140 142 179 218 227 236 237 239 241 244 247 269 280 306 322 323 342 381 388 390 407 413 417 419 420 438 439 455 462 470 471 476 497 
	Cluster 0 SSE = 3.67353
Centroid 1 = F, 0.894609, 0.885493, 0.325643, 0.724182, 0.658727, 0.661391, 0.771748, 0.405797
	Members of Cluster (23): 16 43 59 122 159 185 251 254 264 265 275 276 277 333 336 371 393 400 411 422 446 452 466 
	Cluster 1 SSE = 1.69043
Centroid 2 = M, 0.738639, 0.732979, 0.275089, 0.450981, 0.404219, 0.40552, 0.489163, 0.40108
	Members of Cluster (97): 0 6 8 12 22 23 24 28 29 30 36 44 45 53 57 66 69 85 89 95 97 101 102 105 111 117 121 123 130 134 139 143 148 154 155 164 171 172 173 174 175 178 182 186 190 195 198 207 209 211 215 217 220 223 228 246 252 261 279 282 290 291 297 307 308 327 349 350 357 369 372 373 374 375 376 379 380 384 389 394 397 399 408 414 418 424 427 436 444 449 450 460 463 472 475 482 492 
	Cluster 2 SSE = 6.11174
Centroid 3 = I, 0.465053, 0.444177, 0.166018, 0.167327, 0.156124, 0.144707, 0.189856, 0.22995
	Members of Cluster (152): 3 4 9 20 25 26 31 32 33 34 37 40 50 52 54 55 60 62 63 65 67 72 75 76 77 78 79 81 82 90 91 92 94 99 100 103 104 106 110 113 114 115 116 118 124 125 126 128 129 135 136 137 138 146 147 152 153 160 163 165 167 168 169 170 183 187 188 193 194 200 202 205 206 214 216 231 232 234 238 242 248 253 255 259 263 272 273 278 287 288 292 296 302 309 310 311 313 316 326 331 332 338 346 348 352 353 354 355 358 359 363 364 366 377 382 383 385 387 391 392 395 396 398 403 405 406 410 416 423 425 426 429 433 435 437 443 448 451 454 456 457 465 467 469 474 483 486 489 490 493 494 499 
	Cluster 3 SSE = 20.8468
Centroid 4 = M, 0.472696, 0.457598, 0.177019, 0.175142, 0.155498, 0.157696, 0.198893, 0.273292
	Members of Cluster (46): 7 11 13 15 27 35 41 47 74 109 112 120 145 157 176 177 203 210 212 267 271 274 305 312 314 315 321 335 339 341 347 351 356 362 368 404 431 442 453 459 477 484 485 491 495 496 
	Cluster 4 SSE = 3.73068
Centroid 5 = F, 0.5856, 0.583663, 0.22432, 0.26204, 0.219579, 0.243843, 0.306017, 0.36746
	Members of Cluster (60): 2 5 10 39 46 56 58 61 68 71 73 80 83 96 98 119 151 166 180 189 191 192 201 208 221 222 225 233 235 245 257 258 262 270 286 289 300 303 304 318 337 340 345 360 365 367 370 402 409 415 421 430 432 458 461 464 468 473 478 487 
	Cluster 5 SSE = 3.79873
Centroid 6 = F, 0.769446, 0.766671, 0.281534, 0.487282, 0.432524, 0.452626, 0.515975, 0.393574
	Members of Cluster (83): 1 14 17 18 19 21 38 48 51 64 86 87 88 93 107 108 127 133 141 144 149 150 156 158 161 162 181 184 196 197 199 204 213 219 224 226 229 230 240 243 249 250 256 260 266 268 281 283 284 285 293 294 295 298 299 301 317 319 320 324 325 328 329 330 334 343 344 361 378 386 401 412 428 434 440 441 445 447 479 480 481 488 498 
	Cluster 6 SSE = 3.97433
Total SSE (sum squared-distance of each row with its centroid) = 43.8263
Davies-Bouldin Index: 0.420284
------------------------------------------------------------
Assigning each row to the cluster of the nearest centroid...
------------------------------------------------------------
There are 7 clusters
Recomputing the centroids for each cluster...
Centroid 0 = M, 0.873302, 0.872208, 0.353346, 0.711085, 0.659707, 0.642093, 0.737309, 0.413068
	Members of Cluster (43): 36 42 49 70 84 85 131 132 140 142 179 218 227 236 237 239 241 244 247 269 280 306 322 323 342 375 381 388 390 407 413 417 419 420 438 439 455 460 462 470 471 476 497 
	Cluster 0 SSE = 3.99105
Centroid 1 = F, 0.894609, 0.885493, 0.325643, 0.724182, 0.658727, 0.661391, 0.771748, 0.405797
	Members of Cluster (23): 16 43 59 122 159 185 251 254 264 265 275 276 277 333 336 371 393 400 411 422 446 452 466 
	Cluster 1 SSE = 1.69043
Centroid 2 = M, 0.734538, 0.728308, 0.274413, 0.445501, 0.399193, 0.400283, 0.481133, 0.400922
	Members of Cluster (93): 0 6 8 12 22 23 24 28 29 30 44 45 53 57 66 69 89 95 97 101 102 105 111 117 121 123 130 134 139 143 148 154 155 164 171 172 173 174 175 178 182 186 190 195 198 207 209 211 215 217 220 223 228 246 252 261 279 282 290 291 297 307 308 327 349 350 357 369 372 373 374 376 379 380 384 389 394 397 399 408 414 418 424 427 436 444 449 450 463 472 475 482 492 
	Cluster 2 SSE = 5.63965
Centroid 3 = I, 0.465053, 0.444177, 0.166018, 0.167327, 0.156124, 0.144707, 0.189856, 0.22995
	Members of Cluster (152): 3 4 9 20 25 26 31 32 33 34 37 40 50 52 54 55 60 62 63 65 67 72 75 76 77 78 79 81 82 90 91 92 94 99 100 103 104 106 110 113 114 115 116 118 124 125 126 128 129 135 136 137 138 146 147 152 153 160 163 165 167 168 169 170 183 187 188 193 194 200 202 205 206 214 216 231 232 234 238 242 248 253 255 259 263 272 273 278 287 288 292 296 302 309 310 311 313 316 326 331 332 338 346 348 352 353 354 355 358 359 363 364 366 377 382 383 385 387 391 392 395 396 398 403 405 406 410 416 423 425 426 429 433 435 437 443 448 451 454 456 457 465 467 469 474 483 486 489 490 493 494 499 
	Cluster 3 SSE = 20.8468
Centroid 4 = M, 0.472696, 0.457598, 0.177019, 0.175142, 0.155498, 0.157696, 0.198893, 0.273292
	Members of Cluster (46): 7 11 13 15 27 35 41 47 74 109 112 120 145 157 176 177 203 210 212 267 271 274 305 312 314 315 321 335 339 341 347 351 356 362 368 404 431 442 453 459 477 484 485 491 495 496 
	Cluster 4 SSE = 3.73068
Centroid 5 = F, 0.5856, 0.583663, 0.22432, 0.26204, 0.219579, 0.243843, 0.306017, 0.36746
	Members of Cluster (60): 2 5 10 39 46 56 58 61 68 71 73 80 83 96 98 119 151 166 180 189 191 192 201 208 221 222 225 233 235 245 257 258 262 270 286 289 300 303 304 318 337 340 345 360 365 367 370 402 409 415 421 430 432 458 461 464 468 473 478 487 
	Cluster 5 SSE = 3.79873
Centroid 6 = F, 0.769446, 0.766671, 0.281534, 0.487282, 0.432524, 0.452626, 0.515975, 0.393574
	Members of Cluster (83): 1 14 17 18 19 21 38 48 51 64 86 87 88 93 107 108 127 133 141 144 149 150 156 158 161 162 181 184 196 197 199 204 213 219 224 226 229 230 240 243 249 250 256 260 266 268 281 283 284 285 293 294 295 298 299 301 317 319 320 324 325 328 329 330 334 343 344 361 378 386 401 412 428 434 440 441 445 447 479 480 481 488 498 
	Cluster 6 SSE = 3.97433
Total SSE (sum squared-distance of each row with its centroid) = 43.6717
Davies-Bouldin Index: 0.423427
------------------------------------------------------------
Assigning each row to the cluster of the nearest centroid...
------------------------------------------------------------
There are 7 clusters
Recomputing the centroids for each cluster...
Centroid 0 = M, 0.869913, 0.868489, 0.351154, 0.703145, 0.647938, 0.634226, 0.732106, 0.421325
	Members of Cluster (46): 36 42 49 70 84 85 97 131 132 140 142 179 217 218 227 236 237 239 241 244 247 269 280 306 322 323 342 375 381 384 388 390 407 413 417 419 420 438 439 455 460 462 470 471 476 497 
	Cluster 0 SSE = 4.49537
Centroid 1 = F, 0.894609, 0.885493, 0.325643, 0.724182, 0.658727, 0.661391, 0.771748, 0.405797
	Members of Cluster (23): 16 43 59 122 159 185 251 254 264 265 275 276 277 333 336 371 393 400 411 422 446 452 466 
	Cluster 1 SSE = 1.69043
Centroid 2 = M, 0.731644, 0.725413, 0.272902, 0.440706, 0.396524, 0.396243, 0.475253, 0.396296
	Members of Cluster (90): 0 6 8 12 22 23 24 28 29 30 44 45 53 57 66 69 89 95 101 102 105 111 117 121 123 130 134 139 143 148 154 155 164 171 172 173 174 175 178 182 186 190 195 198 207 209 211 215 220 223 228 246 252 261 279 282 290 291 297 307 308 327 349 350 357 369 372 373 374 376 379 380 389 394 397 399 408 414 418 424 427 436 444 449 450 463 472 475 482 492 
	Cluster 2 SSE = 5.0529
Centroid 3 = I, 0.465053, 0.444177, 0.166018, 0.167327, 0.156124, 0.144707, 0.189856, 0.22995
	Members of Cluster (152): 3 4 9 20 25 26 31 32 33 34 37 40 50 52 54 55 60 62 63 65 67 72 75 76 77 78 79 81 82 90 91 92 94 99 100 103 104 106 110 113 114 115 116 118 124 125 126 128 129 135 136 137 138 146 147 152 153 160 163 165 167 168 169 170 183 187 188 193 194 200 202 205 206 214 216 231 232 234 238 242 248 253 255 259 263 272 273 278 287 288 292 296 302 309 310 311 313 316 326 331 332 338 346 348 352 353 354 355 358 359 363 364 366 377 382 383 385 387 391 392 395 396 398 403 405 406 410 416 423 425 426 429 433 435 437 443 448 451 454 456 457 465 467 469 474 483 486 489 490 493 494 499 
	Cluster 3 SSE = 20.8468
Centroid 4 = M, 0.472696, 0.457598, 0.177019, 0.175142, 0.155498, 0.157696, 0.198893, 0.273292
	Members of Cluster (46): 7 11 13 15 27 35 41 47 74 109 112 120 145 157 176 177 203 210 212 267 271 274 305 312 314 315 321 335 339 341 347 351 356 362 368 404 431 442 453 459 477 484 485 491 495 496 
	Cluster 4 SSE = 3.73068
Centroid 5 = F, 0.5856, 0.583663, 0.22432, 0.26204, 0.219579, 0.243843, 0.306017, 0.36746
	Members of Cluster (60): 2 5 10 39 46 56 58 61 68 71 73 80 83 96 98 119 151 166 180 189 191 192 201 208 221 222 225 233 235 245 257 258 262 270 286 289 300 303 304 318 337 340 345 360 365 367 370 402 409 415 421 430 432 458 461 464 468 473 478 487 
	Cluster 5 SSE = 3.79873
Centroid 6 = F, 0.769446, 0.766671, 0.281534, 0.487282, 0.432524, 0.452626, 0.515975, 0.393574
	Members of Cluster (83): 1 14 17 18 19 21 38 48 51 64 86 87 88 93 107 108 127 133 141 144 149 150 156 158 161 162 181 184 196 197 199 204 213 219 224 226 229 230 240 243 249 250 256 260 266 268 281 283 284 285 293 294 295 298 299 301 317 319 320 324 325 328 329 330 334 343 344 361 378 386 401 412 428 434 440 441 445 447 479 480 481 488 498 
	Cluster 6 SSE = 3.97433
Total SSE (sum squared-distance of each row with its centroid) = 43.5893
Davies-Bouldin Index: 0.427627
------------------------------------------------------------
Assigning each row to the cluster of the nearest centroid...
------------------------------------------------------------
There are 7 clusters
Recomputing the centroids for each cluster...
Centroid 0 = M, 0.868255, 0.86581, 0.348893, 0.704116, 0.646608, 0.629943, 0.727536, 0.422492
	Members of Cluster (47): 36 42 49 70 84 85 97 131 132 140 142 179 209 217 218 227 236 237 239 241 244 247 269 280 306 322 323 342 375 381 384 388 390 407 413 417 419 420 438 439 455 460 462 470 471 476 497 
	Cluster 0 SSE = 4.62151
Centroid 1 = F, 0.894609, 0.885493, 0.325643, 0.724182, 0.658727, 0.661391, 0.771748, 0.405797
	Members of Cluster (23): 16 43 59 122 159 185 251 254 264 265 275 276 277 333 336 371 393 400 411 422 446 452 466 
	Cluster 1 SSE = 1.69043
Centroid 2 = M, 0.730966, 0.72522, 0.273217, 0.437245, 0.394402, 0.395831, 0.47478, 0.395399
	Members of Cluster (89): 0 6 8 12 22 23 24 28 29 30 44 45 53 57 66 69 89 95 101 102 105 111 117 121 123 130 134 139 143 148 154 155 164 171 172 173 174 175 178 182 186 190 195 198 207 211 215 220 223 228 246 252 261 279 282 290 291 297 307 308 327 349 350 357 369 372 373 374 376 379 380 389 394 397 399 408 414 418 424 427 436 444 449 450 463 472 475 482 492 
	Cluster 2 SSE = 4.90646
Centroid 3 = I, 0.465053, 0.444177, 0.166018, 0.167327, 0.156124, 0.144707, 0.189856, 0.22995
	Members of Cluster (152): 3 4 9 20 25 26 31 32 33 34 37 40 50 52 54 55 60 62 63 65 67 72 75 76 77 78 79 81 82 90 91 92 94 99 100 103 104 106 110 113 114 115 116 118 124 125 126 128 129 135 136 137 138 146 147 152 153 160 163 165 167 168 169 170 183 187 188 193 194 200 202 205 206 214 216 231 232 234 238 242 248 253 255 259 263 272 273 278 287 288 292 296 302 309 310 311 313 316 326 331 332 338 346 348 352 353 354 355 358 359 363 364 366 377 382 383 385 387 391 392 395 396 398 403 405 406 410 416 423 425 426 429 433 435 437 443 448 451 454 456 457 465 467 469 474 483 486 489 490 493 494 499 
	Cluster 3 SSE = 20.8468
Centroid 4 = M, 0.472696, 0.457598, 0.177019, 0.175142, 0.155498, 0.157696, 0.198893, 0.273292
	Members of Cluster (46): 7 11 13 15 27 35 41 47 74 109 112 120 145 157 176 177 203 210 212 267 271 274 305 312 314 315 321 335 339 341 347 351 356 362 368 404 431 442 453 459 477 484 485 491 495 496 
	Cluster 4 SSE = 3.73068
Centroid 5 = F, 0.5856, 0.583663, 0.22432, 0.26204, 0.219579, 0.243843, 0.306017, 0.36746
	Members of Cluster (60): 2 5 10 39 46 56 58 61 68 71 73 80 83 96 98 119 151 166 180 189 191 192 201 208 221 222 225 233 235 245 257 258 262 270 286 289 300 303 304 318 337 340 345 360 365 367 370 402 409 415 421 430 432 458 461 464 468 473 478 487 
	Cluster 5 SSE = 3.79873
Centroid 6 = F, 0.769446, 0.766671, 0.281534, 0.487282, 0.432524, 0.452626, 0.515975, 0.393574
	Members of Cluster (83): 1 14 17 18 19 21 38 48 51 64 86 87 88 93 107 108 127 133 141 144 149 150 156 158 161 162 181 184 196 197 199 204 213 219 224 226 229 230 240 243 249 250 256 260 266 268 281 283 284 285 293 294 295 298 299 301 317 319 320 324 325 328 329 330 334 343 344 361 378 386 401 412 428 434 440 441 445 447 479 480 481 488 498 
	Cluster 6 SSE = 3.97433
Total SSE (sum squared-distance of each row with its centroid) = 43.569
Davies-Bouldin Index: 0.428561
------------------------------------------------------------
Assigning each row to the cluster of the nearest centroid...
------------------------------------------------------------
There are 7 clusters
Recomputing the centroids for each cluster...
Centroid 0 = M, 0.867167, 0.864686, 0.347151, 0.70168, 0.645879, 0.626528, 0.723509, 0.420635
	Members of Cluster (48): 36 42 49 70 84 85 97 131 132 140 142 179 209 217 218 227 236 237 239 241 244 247 269 280 306 322 323 342 375 381 384 388 390 407 413 414 417 419 420 438 439 455 460 462 470 471 476 497 
	Cluster 0 SSE = 4.71913
Centroid 1 = F, 0.894609, 0.885493, 0.325643, 0.724182, 0.658727, 0.661391, 0.771748, 0.405797
	Members of Cluster (23): 16 43 59 122 159 185 251 254 264 265 275 276 277 333 336 371 393 400 411 422 446 452 466 
	Cluster 1 SSE = 1.69043
Centroid 2 = M, 0.73, 0.724235, 0.273307, 0.435541, 0.391934, 0.395034, 0.474104, 0.396104
	Members of Cluster (88): 0 6 8 12 22 23 24 28 29 30 44 45 53 57 66 69 89 95 101 102 105 111 117 121 123 130 134 139 143 148 154 155 164 171 172 173 174 175 178 182 186 190 195 198 207 211 215 220 223 228 246 252 261 279 282 290 291 297 307 308 327 349 350 357 369 372 373 374 376 379 380 389 394 397 399 408 418 424 427 436 444 449 450 463 472 475 482 492 
	Cluster 2 SSE = 4.80857
Centroid 3 = I, 0.465053, 0.444177, 0.166018, 0.167327, 0.156124, 0.144707, 0.189856, 0.22995
	Members of Cluster (152): 3 4 9 20 25 26 31 32 33 34 37 40 50 52 54 55 60 62 63 65 67 72 75 76 77 78 79 81 82 90 91 92 94 99 100 103 104 106 110 113 114 115 116 118 124 125 126 128 129 135 136 137 138 146 147 152 153 160 163 165 167 168 169 170 183 187 188 193 194 200 202 205 206 214 216 231 232 234 238 242 248 253 255 259 263 272 273 278 287 288 292 296 302 309 310 311 313 316 326 331 332 338 346 348 352 353 354 355 358 359 363 364 366 377 382 383 385 387 391 392 395 396 398 403 405 406 410 416 423 425 426 429 433 435 437 443 448 451 454 456 457 465 467 469 474 483 486 489 490 493 494 499 
	Cluster 3 SSE = 20.8468
Centroid 4 = M, 0.472696, 0.457598, 0.177019, 0.175142, 0.155498, 0.157696, 0.198893, 0.273292
	Members of Cluster (46): 7 11 13 15 27 35 41 47 74 109 112 120 145 157 176 177 203 210 212 267 271 274 305 312 314 315 321 335 339 341 347 351 356 362 368 404 431 442 453 459 477 484 485 491 495 496 
	Cluster 4 SSE = 3.73068
Centroid 5 = F, 0.5856, 0.583663, 0.22432, 0.26204, 0.219579, 0.243843, 0.306017, 0.36746
	Members of Cluster (60): 2 5 10 39 46 56 58 61 68 71 73 80 83 96 98 119 151 166 180 189 191 192 201 208 221 222 225 233 235 245 257 258 262 270 286 289 300 303 304 318 337 340 345 360 365 367 370 402 409 415 421 430 432 458 461 464 468 473 478 487 
	Cluster 5 SSE = 3.79873
Centroid 6 = F, 0.769446, 0.766671, 0.281534, 0.487282, 0.432524, 0.452626, 0.515975, 0.393574
	Members of Cluster (83): 1 14 17 18 19 21 38 48 51 64 86 87 88 93 107 108 127 133 141 144 149 150 156 158 161 162 181 184 196 197 199 204 213 219 224 226 229 230 240 243 249 250 256 260 266 268 281 283 284 285 293 294 295 298 299 301 317 319 320 324 325 328 329 330 334 343 344 361 378 386 401 412 428 434 440 441 445 447 479 480 481 488 498 
	Cluster 6 SSE = 3.97433
Total SSE (sum squared-distance of each row with its centroid) = 43.5687
Davies-Bouldin Index: 0.429734
------------------------------------------------------------
Assigning each row to the cluster of the nearest centroid...
------------------------------------------------------------
There are 7 clusters
Recomputing the centroids for each cluster...
Centroid 0 = M, 0.866122, 0.863609, 0.346522, 0.698436, 0.643129, 0.624968, 0.720568, 0.419825
	Members of Cluster (49): 12 36 42 49 70 84 85 97 131 132 140 142 179 209 217 218 227 236 237 239 241 244 247 269 280 306 322 323 342 375 381 384 388 390 407 413 414 417 419 420 438 439 455 460 462 470 471 476 497 
	Cluster 0 SSE = 4.79551
Centroid 1 = F, 0.894609, 0.885493, 0.325643, 0.724182, 0.658727, 0.661391, 0.771748, 0.405797
	Members of Cluster (23): 16 43 59 122 159 185 251 254 264 265 275 276 277 333 336 371 393 400 411 422 446 452 466 
	Cluster 1 SSE = 1.69043
Centroid 2 = M, 0.729011, 0.723227, 0.272813, 0.434309, 0.390564, 0.393251, 0.472894, 0.396278
	Members of Cluster (87): 0 6 8 22 23 24 28 29 30 44 45 53 57 66 69 89 95 101 102 105 111 117 121 123 130 134 139 143 148 154 155 164 171 172 173 174 175 178 182 186 190 195 198 207 211 215 220 223 228 246 252 261 279 282 290 291 297 307 308 327 349 350 357 369 372 373 374 376 379 380 389 394 397 399 408 418 424 427 436 444 449 450 463 472 475 482 492 
	Cluster 2 SSE = 4.7297
Centroid 3 = I, 0.465053, 0.444177, 0.166018, 0.167327, 0.156124, 0.144707, 0.189856, 0.22995
	Members of Cluster (152): 3 4 9 20 25 26 31 32 33 34 37 40 50 52 54 55 60 62 63 65 67 72 75 76 77 78 79 81 82 90 91 92 94 99 100 103 104 106 110 113 114 115 116 118 124 125 126 128 129 135 136 137 138 146 147 152 153 160 163 165 167 168 169 170 183 187 188 193 194 200 202 205 206 214 216 231 232 234 238 242 248 253 255 259 263 272 273 278 287 288 292 296 302 309 310 311 313 316 326 331 332 338 346 348 352 353 354 355 358 359 363 364 366 377 382 383 385 387 391 392 395 396 398 403 405 406 410 416 423 425 426 429 433 435 437 443 448 451 454 456 457 465 467 469 474 483 486 489 490 493 494 499 
	Cluster 3 SSE = 20.8468
Centroid 4 = M, 0.472696, 0.457598, 0.177019, 0.175142, 0.155498, 0.157696, 0.198893, 0.273292
	Members of Cluster (46): 7 11 13 15 27 35 41 47 74 109 112 120 145 157 176 177 203 210 212 267 271 274 305 312 314 315 321 335 339 341 347 351 356 362 368 404 431 442 453 459 477 484 485 491 495 496 
	Cluster 4 SSE = 3.73068
Centroid 5 = F, 0.5856, 0.583663, 0.22432, 0.26204, 0.219579, 0.243843, 0.306017, 0.36746
	Members of Cluster (60): 2 5 10 39 46 56 58 61 68 71 73 80 83 96 98 119 151 166 180 189 191 192 201 208 221 222 225 233 235 245 257 258 262 270 286 289 300 303 304 318 337 340 345 360 365 367 370 402 409 415 421 430 432 458 461 464 468 473 478 487 
	Cluster 5 SSE = 3.79873
Centroid 6 = F, 0.769446, 0.766671, 0.281534, 0.487282, 0.432524, 0.452626, 0.515975, 0.393574
	Members of Cluster (83): 1 14 17 18 19 21 38 48 51 64 86 87 88 93 107 108 127 133 141 144 149 150 156 158 161 162 181 184 196 197 199 204 213 219 224 226 229 230 240 243 249 250 256 260 266 268 281 283 284 285 293 294 295 298 299 301 317 319 320 324 325 328 329 330 334 343 344 361 378 386 401 412 428 434 440 441 445 447 479 480 481 488 498 
	Cluster 6 SSE = 3.97433
Total SSE (sum squared-distance of each row with its centroid) = 43.5662
Davies-Bouldin Index: 0.430706
------------------------------------------------------------
Assigning each row to the cluster of the nearest centroid...
------------------------------------------------------------
There are 7 clusters
Recomputing the centroids for each cluster...
Centroid 0 = M, 0.866122, 0.863609, 0.346522, 0.698436, 0.643129, 0.624968, 0.720568, 0.419825
	Members of Cluster (49): 12 36 42 49 70 84 85 97 131 132 140 142 179 209 217 218 227 236 237 239 241 244 247 269 280 306 322 323 342 375 381 384 388 390 407 413 414 417 419 420 438 439 455 460 462 470 471 476 497 
	Cluster 0 SSE = 4.79551
Centroid 1 = F, 0.894609, 0.885493, 0.325643, 0.724182, 0.658727, 0.661391, 0.771748, 0.405797
	Members of Cluster (23): 16 43 59 122 159 185 251 254 264 265 275 276 277 333 336 371 393 400 411 422 446 452 466 
	Cluster 1 SSE = 1.69043
Centroid 2 = M, 0.729011, 0.723227, 0.272813, 0.434309, 0.390564, 0.393251, 0.472894, 0.396278
	Members of Cluster (87): 0 6 8 22 23 24 28 29 30 44 45 53 57 66 69 89 95 101 102 105 111 117 121 123 130 134 139 143 148 154 155 164 171 172 173 174 175 178 182 186 190 195 198 207 211 215 220 223 228 246 252 261 279 282 290 291 297 307 308 327 349 350 357 369 372 373 374 376 379 380 389 394 397 399 408 418 424 427 436 444 449 450 463 472 475 482 492 
	Cluster 2 SSE = 4.7297
Centroid 3 = I, 0.465053, 0.444177, 0.166018, 0.167327, 0.156124, 0.144707, 0.189856, 0.22995
	Members of Cluster (152): 3 4 9 20 25 26 31 32 33 34 37 40 50 52 54 55 60 62 63 65 67 72 75 76 77 78 79 81 82 90 91 92 94 99 100 103 104 106 110 113 114 115 116 118 124 125 126 128 129 135 136 137 138 146 147 152 153 160 163 165 167 168 169 170 183 187 188 193 194 200 202 205 206 214 216 231 232 234 238 242 248 253 255 259 263 272 273 278 287 288 292 296 302 309 310 311 313 316 326 331 332 338 346 348 352 353 354 355 358 359 363 364 366 377 382 383 385 387 391 392 395 396 398 403 405 406 410 416 423 425 426 429 433 435 437 443 448 451 454 456 457 465 467 469 474 483 486 489 490 493 494 499 
	Cluster 3 SSE = 20.8468
Centroid 4 = M, 0.472696, 0.457598, 0.177019, 0.175142, 0.155498, 0.157696, 0.198893, 0.273292
	Members of Cluster (46): 7 11 13 15 27 35 41 47 74 109 112 120 145 157 176 177 203 210 212 267 271 274 305 312 314 315 321 335 339 341 347 351 356 362 368 404 431 442 453 459 477 484 485 491 495 496 
	Cluster 4 SSE = 3.73068
Centroid 5 = F, 0.5856, 0.583663, 0.22432, 0.26204, 0.219579, 0.243843, 0.306017, 0.36746
	Members of Cluster (60): 2 5 10 39 46 56 58 61 68 71 73 80 83 96 98 119 151 166 180 189 191 192 201 208 221 222 225 233 235 245 257 258 262 270 286 289 300 303 304 318 337 340 345 360 365 367 370 402 409 415 421 430 432 458 461 464 468 473 478 487 
	Cluster 5 SSE = 3.79873
Centroid 6 = F, 0.769446, 0.766671, 0.281534, 0.487282, 0.432524, 0.452626, 0.515975, 0.393574
	Members of Cluster (83): 1 14 17 18 19 21 38 48 51 64 86 87 88 93 107 108 127 133 141 144 149 150 156 158 161 162 181 184 196 197 199 204 213 219 224 226 229 230 240 243 249 250 256 260 266 268 281 283 284 285 293 294 295 298 299 301 317 319 320 324 325 328 329 330 334 343 344 361 378 386 401 412 428 434 440 441 445 447 479 480 481 488 498 
	Cluster 6 SSE = 3.97433
Total SSE (sum squared-distance of each row with its centroid) = 43.5662
Davies-Bouldin Index: 0.430706
------------------------------------------------------------
Assigning each row to the cluster of the nearest centroid...
------------------------------------------------------------
There are 7 clusters
Recomputing the centroids for each cluster...
Centroid 0 = M, 0.866122, 0.863609, 0.346522, 0.698436, 0.643129, 0.624968, 0.720568, 0.419825
	Members of Cluster (49): 12 36 42 49 70 84 85 97 131 132 140 142 179 209 217 218 227 236 237 239 241 244 247 269 280 306 322 323 342 375 381 384 388 390 407 413 414 417 419 420 438 439 455 460 462 470 471 476 497 
	Cluster 0 SSE = 4.79551
Centroid 1 = F, 0.894609, 0.885493, 0.325643, 0.724182, 0.658727, 0.661391, 0.771748, 0.405797
	Members of Cluster (23): 16 43 59 122 159 185 251 254 264 265 275 276 277 333 336 371 393 400 411 422 446 452 466 
	Cluster 1 SSE = 1.69043
Centroid 2 = M, 0.729011, 0.723227, 0.272813, 0.434309, 0.390564, 0.393251, 0.472894, 0.396278
	Members of Cluster (87): 0 6 8 22 23 24 28 29 30 44 45 53 57 66 69 89 95 101 102 105 111 117 121 123 130 134 139 143 148 154 155 164 171 172 173 174 175 178 182 186 190 195 198 207 211 215 220 223 228 246 252 261 279 282 290 291 297 307 308 327 349 350 357 369 372 373 374 376 379 380 389 394 397 399 408 418 424 427 436 444 449 450 463 472 475 482 492 
	Cluster 2 SSE = 4.7297
Centroid 3 = I, 0.465053, 0.444177, 0.166018, 0.167327, 0.156124, 0.144707, 0.189856, 0.22995
	Members of Cluster (152): 3 4 9 20 25 26 31 32 33 34 37 40 50 52 54 55 60 62 63 65 67 72 75 76 77 78 79 81 82 90 91 92 94 99 100 103 104 106 110 113 114 115 116 118 124 125 126 128 129 135 136 137 138 146 147 152 153 160 163 165 167 168 169 170 183 187 188 193 194 200 202 205 206 214 216 231 232 234 238 242 248 253 255 259 263 272 273 278 287 288 292 296 302 309 310 311 313 316 326 331 332 338 346 348 352 353 354 355 358 359 363 364 366 377 382 383 385 387 391 392 395 396 398 403 405 406 410 416 423 425 426 429 433 435 437 443 448 451 454 456 457 465 467 469 474 483 486 489 490 493 494 499 
	Cluster 3 SSE = 20.8468
Centroid 4 = M, 0.472696, 0.457598, 0.177019, 0.175142, 0.155498, 0.157696, 0.198893, 0.273292
	Members of Cluster (46): 7 11 13 15 27 35 41 47 74 109 112 120 145 157 176 177 203 210 212 267 271 274 305 312 314 315 321 335 339 341 347 351 356 362 368 404 431 442 453 459 477 484 485 491 495 496 
	Cluster 4 SSE = 3.73068
Centroid 5 = F, 0.5856, 0.583663, 0.22432, 0.26204, 0.219579, 0.243843, 0.306017, 0.36746
	Members of Cluster (60): 2 5 10 39 46 56 58 61 68 71 73 80 83 96 98 119 151 166 180 189 191 192 201 208 221 222 225 233 235 245 257 258 262 270 286 289 300 303 304 318 337 340 345 360 365 367 370 402 409 415 421 430 432 458 461 464 468 473 478 487 
	Cluster 5 SSE = 3.79873
Centroid 6 = F, 0.769446, 0.766671, 0.281534, 0.487282, 0.432524, 0.452626, 0.515975, 0.393574
	Members of Cluster (83): 1 14 17 18 19 21 38 48 51 64 86 87 88 93 107 108 127 133 141 144 149 150 156 158 161 162 181 184 196 197 199 204 213 219 224 226 229 230 240 243 249 250 256 260 266 268 281 283 284 285 293 294 295 298 299 301 317 319 320 324 325 328 329 330 334 343 344 361 378 386 401 412 428 434 440 441 445 447 479 480 481 488 498 
	Cluster 6 SSE = 3.97433
Total SSE (sum squared-distance of each row with its centroid) = 43.5662
Davies-Bouldin Index: 0.430706
------------------------------------------------------------
Assigning each row to the cluster of the nearest centroid...
------------------------------------------------------------
There are 7 clusters
Recomputing the centroids for each cluster...
Centroid 0 = M, 0.866122, 0.863609, 0.346522, 0.698436, 0.643129, 0.624968, 0.720568, 0.419825
	Members of Cluster (49): 12 36 42 49 70 84 85 97 131 132 140 142 179 209 217 218 227 236 237 239 241 244 247 269 280 306 322 323 342 375 381 384 388 390 407 413 414 417 419 420 438 439 455 460 462 470 471 476 497 
	Cluster 0 SSE = 4.79551
Centroid 1 = F, 0.894609, 0.885493, 0.325643, 0.724182, 0.658727, 0.661391, 0.771748, 0.405797
	Members of Cluster (23): 16 43 59 122 159 185 251 254 264 265 275 276 277 333 336 371 393 400 411 422 446 452 466 
	Cluster 1 SSE = 1.69043
Centroid 2 = M, 0.729011, 0.723227, 0.272813, 0.434309, 0.390564, 0.393251, 0.472894, 0.396278
	Members of Cluster (87): 0 6 8 22 23 24 28 29 30 44 45 53 57 66 69 89 95 101 102 105 111 117 121 123 130 134 139 143 148 154 155 164 171 172 173 174 175 178 182 186 190 195 198 207 211 215 220 223 228 246 252 261 279 282 290 291 297 307 308 327 349 350 357 369 372 373 374 376 379 380 389 394 397 399 408 418 424 427 436 444 449 450 463 472 475 482 492 
	Cluster 2 SSE = 4.7297
Centroid 3 = I, 0.465053, 0.444177, 0.166018, 0.167327, 0.156124, 0.144707, 0.189856, 0.22995
	Members of Cluster (152): 3 4 9 20 25 26 31 32 33 34 37 40 50 52 54 55 60 62 63 65 67 72 75 76 77 78 79 81 82 90 91 92 94 99 100 103 104 106 110 113 114 115 116 118 124 125 126 128 129 135 136 137 138 146 147 152 153 160 163 165 167 168 169 170 183 187 188 193 194 200 202 205 206 214 216 231 232 234 238 242 248 253 255 259 263 272 273 278 287 288 292 296 302 309 310 311 313 316 326 331 332 338 346 348 352 353 354 355 358 359 363 364 366 377 382 383 385 387 391 392 395 396 398 403 405 406 410 416 423 425 426 429 433 435 437 443 448 451 454 456 457 465 467 469 474 483 486 489 490 493 494 499 
	Cluster 3 SSE = 20.8468
Centroid 4 = M, 0.472696, 0.457598, 0.177019, 0.175142, 0.155498, 0.157696, 0.198893, 0.273292
	Members of Cluster (46): 7 11 13 15 27 35 41 47 74 109 112 120 145 157 176 177 203 210 212 267 271 274 305 312 314 315 321 335 339 341 347 351 356 362 368 404 431 442 453 459 477 484 485 491 495 496 
	Cluster 4 SSE = 3.73068
Centroid 5 = F, 0.5856, 0.583663, 0.22432, 0.26204, 0.219579, 0.243843, 0.306017, 0.36746
	Members of Cluster (60): 2 5 10 39 46 56 58 61 68 71 73 80 83 96 98 119 151 166 180 189 191 192 201 208 221 222 225 233 235 245 257 258 262 270 286 289 300 303 304 318 337 340 345 360 365 367 370 402 409 415 421 430 432 458 461 464 468 473 478 487 
	Cluster 5 SSE = 3.79873
Centroid 6 = F, 0.769446, 0.766671, 0.281534, 0.487282, 0.432524, 0.452626, 0.515975, 0.393574
	Members of Cluster (83): 1 14 17 18 19 21 38 48 51 64 86 87 88 93 107 108 127 133 141 144 149 150 156 158 161 162 181 184 196 197 199 204 213 219 224 226 229 230 240 243 249 250 256 260 266 268 281 283 284 285 293 294 295 298 299 301 317 319 320 324 325 328 329 330 334 343 344 361 378 386 401 412 428 434 440 441 445 447 479 480 481 488 498 
	Cluster 6 SSE = 3.97433
Total SSE (sum squared-distance of each row with its centroid) = 43.5662
Davies-Bouldin Index: 0.430706
Convergence is detected because the sum squared-distance did not improve, and more than 3 iterations were performed
