Dataset name: ../data/abalone500.arff
Number of instances (rows): 500
Number of attributes (cols): 9
Learning algorithm: clustering
Evaluation method: training
Running k-means...
Centroid 0 = M, 0.62, 0.45, 0.2, 0.858, 0.4285, 0.1525, 0.2405, 8
Centroid 1 = M, 0.65, 0.495, 0.17, 1.276, 0.6215, 0.2305, 0.399, 11
Centroid 2 = M, 0.72, 0.58, 0.19, 2.0885, 0.9955, 0.478, 0.5305, 13
Centroid 3 = M, 0.5, 0.37, 0.15, 1.0615, 0.494, 0.223, 0.296, 9
Centroid 4 = F, 0.65, 0.505, 0.165, 1.357, 0.5725, 0.281, 0.43, 11
Centroid 5 = F, 0.49, 0.39, 0.135, 0.59, 0.215, 0.125, 0.1845, 12
Centroid 6 = F, 0.38, 0.305, 0.105, 0.281, 0.1045, 0.0615, 0.09, 12
------------------------------------------------------------
Assigning each row to the cluster of the nearest centroid...
------------------------------------------------------------
There are 7 clusters
Recomputing the centroids for each cluster...
Centroid 0 = M, 0.487571, 0.376476, 0.127714, 0.623038, 0.270657, 0.13551, 0.183171, 9.21905
	Members of Cluster (105): 0 7 8 11 13 20 24 27 28 29 32 35 47 50 69 74 76 77 83 94 95 113 120 126 130 134 135 139 143 145 148 149 154 157 160 168 176 177 182 186 190 191 196 203 207 212 223 253 259 267 274 279 287 292 305 308 310 314 325 326 332 335 338 339 341 346 347 348 351 352 354 356 361 362 368 374 376 377 387 395 397 398 403 404 408 410 416 427 432 443 454 457 463 465 467 472 477 482 483 484 485 489 491 495 496 
	Cluster 0 SSE = 1019.92
Centroid 1 = M, 0.630574, 0.497295, 0.171393, 1.31319, 0.563352, 0.279311, 0.374869, 11.8525
	Members of Cluster (61): 12 22 23 45 57 84 85 97 101 102 131 132 142 164 171 172 174 187 198 217 218 227 236 239 241 247 252 261 269 306 313 322 323 349 350 357 366 375 379 380 381 382 384 389 390 394 407 414 420 439 444 449 450 455 459 460 462 476 490 492 497 
	Cluster 1 SSE = 437.387
Centroid 2 = M, 0.693056, 0.549167, 0.215278, 1.92275, 0.876361, 0.409389, 0.497722, 11.6111
	Members of Cluster (18): 36 42 49 70 140 179 209 237 280 342 388 400 411 413 417 438 470 471 
	Cluster 2 SSE = 40.3731
Centroid 3 = M, 0.553247, 0.431494, 0.147662, 0.894545, 0.401136, 0.191383, 0.249818, 10.2078
	Members of Cluster (77): 6 30 34 44 51 52 53 62 64 66 78 88 89 100 103 105 108 109 111 115 117 118 121 123 125 127 146 155 162 165 167 170 173 175 178 194 195 205 210 211 215 220 228 234 240 244 246 271 282 288 290 291 295 297 301 307 321 327 355 359 363 369 372 373 383 385 399 418 419 424 433 434 436 442 453 475 479 
	Cluster 3 SSE = 652.341
Centroid 4 = F, 0.628253, 0.496205, 0.168554, 1.30673, 0.565964, 0.289657, 0.36203, 11.6145
	Members of Cluster (83): 1 14 16 17 18 19 21 43 59 68 86 87 93 98 122 133 141 144 150 158 159 161 181 184 185 197 199 204 208 213 219 224 229 230 243 250 251 254 256 260 264 265 270 275 276 277 281 283 284 285 294 298 299 300 317 319 320 324 329 330 333 334 336 343 344 371 378 393 401 412 422 428 440 441 445 446 447 452 466 478 480 481 488 
	Cluster 4 SSE = 515.202
Centroid 5 = F, 0.514241, 0.401266, 0.137405, 0.681994, 0.281247, 0.149285, 0.207449, 10.7975
	Members of Cluster (79): 2 3 5 10 15 26 38 39 41 46 48 56 58 61 71 73 80 90 96 99 107 116 119 124 137 151 152 156 163 180 192 193 201 216 221 225 226 231 235 238 245 249 257 258 262 266 268 278 286 293 296 303 304 312 315 318 328 331 337 340 345 360 370 386 402 405 409 415 421 430 431 451 458 461 464 468 473 487 498 
	Cluster 5 SSE = 947.962
Centroid 6 = I, 0.339805, 0.25474, 0.0852597, 0.215734, 0.0995974, 0.0463571, 0.0651818, 6.44156
	Members of Cluster (77): 4 9 25 31 33 37 40 54 55 60 63 65 67 72 75 79 81 82 91 92 104 106 110 112 114 128 129 136 138 147 153 166 169 183 188 189 200 202 206 214 222 232 233 242 248 255 263 272 273 289 302 309 311 316 353 358 364 365 367 391 392 396 406 423 425 426 429 435 437 448 456 469 474 486 493 494 499 
	Cluster 6 SSE = 299.548
Total SSE (sum squared-distance of each row with its centroid) = 3912.74
Davies-Bouldin Index: 15.9925
------------------------------------------------------------
Assigning each row to the cluster of the nearest centroid...
------------------------------------------------------------
There are 7 clusters
Recomputing the centroids for each cluster...
Centroid 0 = M, 0.491446, 0.380542, 0.128554, 0.638169, 0.290747, 0.137566, 0.180699, 9.01205
	Members of Cluster (83): 11 13 15 27 34 35 41 47 52 66 69 95 100 103 105 109 111 112 115 120 121 123 145 148 155 157 165 166 167 170 176 177 180 194 203 205 210 212 215 228 234 246 267 271 274 282 288 291 305 307 312 314 315 321 335 339 347 351 356 359 362 363 369 370 372 383 385 399 404 418 424 431 433 436 442 453 459 475 477 484 485 491 496 
	Cluster 0 SSE = 288.876
Centroid 1 = M, 0.631977, 0.49907, 0.17186, 1.29715, 0.550488, 0.278721, 0.381291, 12.4651
	Members of Cluster (43): 8 12 22 23 36 85 97 101 102 140 164 172 174 198 217 218 220 236 239 241 247 252 261 269 306 323 327 349 350 357 375 379 380 389 390 394 407 419 420 449 450 462 492 
	Cluster 1 SSE = 371.386
Centroid 2 = M, 0.690455, 0.5475, 0.214091, 1.94657, 0.885295, 0.405545, 0.496136, 11.1364
	Members of Cluster (22): 42 49 70 84 131 179 209 227 237 244 280 342 381 388 411 413 417 438 470 471 476 497 
	Cluster 2 SSE = 37.4135
Centroid 3 = M, 0.584018, 0.459018, 0.160179, 1.04255, 0.444, 0.225625, 0.300795, 11.7679
	Members of Cluster (56): 0 6 24 28 29 30 44 45 53 57 74 89 94 113 117 118 130 132 134 139 142 143 146 154 171 173 175 178 182 186 190 195 207 211 223 279 290 297 308 322 341 373 374 376 384 397 408 414 427 439 444 455 460 463 472 482 
	Cluster 3 SSE = 733.894
Centroid 4 = F, 0.627588, 0.494471, 0.167647, 1.27866, 0.549341, 0.282724, 0.358241, 11.6353
	Members of Cluster (85): 1 16 18 19 21 43 51 64 68 86 88 93 98 107 108 122 127 133 144 149 156 159 161 181 185 196 197 199 204 208 219 224 226 229 230 240 243 249 251 254 256 260 265 266 270 275 276 277 281 283 284 285 294 298 300 317 319 320 324 328 329 333 334 336 343 344 361 371 382 393 400 401 412 422 434 445 446 447 452 466 478 480 481 488 490 
	Cluster 4 SSE = 584.139
Centroid 5 = F, 0.530774, 0.417917, 0.143095, 0.795042, 0.335702, 0.174363, 0.232, 10.6548
	Members of Cluster (84): 2 5 10 14 17 26 38 39 46 48 56 58 59 61 71 73 80 83 87 90 96 116 119 141 150 151 158 162 184 189 191 192 201 213 221 222 225 233 235 245 250 257 258 262 264 268 286 289 293 295 299 301 303 304 318 325 330 337 340 345 352 360 365 367 378 386 402 405 409 415 421 428 430 432 440 441 458 461 464 468 473 479 487 498 
	Cluster 5 SSE = 876.838
Centroid 6 = I, 0.392756, 0.29563, 0.0985039, 0.334949, 0.151744, 0.0719567, 0.0996811, 7.29921
	Members of Cluster (127): 3 4 7 9 20 25 31 32 33 37 40 50 54 55 60 62 63 65 67 72 75 76 77 78 79 81 82 91 92 99 104 106 110 114 124 125 126 128 129 135 136 137 138 147 152 153 160 163 168 169 183 187 188 193 200 202 206 214 216 231 232 238 242 248 253 255 259 263 272 273 278 287 292 296 302 309 310 311 313 316 326 331 332 338 346 348 353 354 355 358 364 366 368 377 387 391 392 395 396 398 403 406 410 416 423 425 426 429 435 437 443 448 451 454 456 457 465 467 469 474 483 486 489 493 494 495 499 
	Cluster 6 SSE = 769.223
Total SSE (sum squared-distance of each row with its centroid) = 3661.77
Davies-Bouldin Index: 15.0913
------------------------------------------------------------
Assigning each row to the cluster of the nearest centroid...
------------------------------------------------------------
There are 7 clusters
Recomputing the centroids for each cluster...
Centroid 0 = M, 0.503014, 0.390685, 0.133356, 0.695247, 0.316671, 0.151171, 0.194171, 9.0137
	Members of Cluster (73): 7 13 27 29 34 35 52 66 69 74 95 100 105 109 111 112 115 121 123 145 154 155 165 166 167 170 176 177 180 186 210 212 215 228 234 246 267 271 274 282 288 291 304 305 307 321 335 339 347 351 356 359 362 363 368 369 370 372 383 399 418 419 424 436 442 453 475 477 484 485 491 495 496 
	Cluster 0 SSE = 448.728
Centroid 1 = M, 0.632442, 0.496163, 0.172093, 1.31797, 0.563081, 0.291244, 0.37843, 12.4419
	Members of Cluster (43): 8 15 16 36 41 42 45 49 57 85 97 102 132 140 142 148 156 164 218 239 241 252 254 269 312 315 322 333 336 343 379 384 394 407 414 431 439 444 449 455 460 462 492 
	Cluster 1 SSE = 386.151
Centroid 2 = M, 0.6874, 0.5462, 0.208, 1.88612, 0.86598, 0.39082, 0.4817, 11
	Members of Cluster (25): 70 84 131 179 209 227 236 237 244 247 280 306 323 342 381 388 393 411 413 417 438 470 471 476 497 
	Cluster 2 SSE = 38.5427
Centroid 3 = M, 0.585909, 0.461, 0.156818, 1.03082, 0.442736, 0.219855, 0.301355, 11.8909
	Members of Cluster (55): 0 6 12 22 23 28 30 44 53 89 101 117 130 134 139 157 171 172 173 174 175 178 182 187 190 195 198 207 211 217 220 261 279 290 297 308 327 349 350 357 373 374 375 376 380 382 389 390 397 408 420 427 450 459 472 
	Cluster 3 SSE = 519.241
Centroid 4 = F, 0.620556, 0.488819, 0.166528, 1.25996, 0.535639, 0.279118, 0.354563, 11.4861
	Members of Cluster (72): 1 18 19 21 43 64 68 86 88 93 98 107 108 122 127 133 144 149 159 161 181 185 196 197 199 208 219 224 226 229 230 240 243 251 256 260 265 270 275 276 277 281 283 284 285 289 294 298 300 317 319 320 324 328 329 334 344 361 371 400 401 412 422 434 445 446 447 452 466 478 481 488 
	Cluster 4 SSE = 516.95
Centroid 5 = F, 0.54108, 0.426591, 0.146477, 0.842983, 0.355659, 0.184295, 0.246227, 10.9091
	Members of Cluster (88): 2 5 10 14 17 24 26 38 39 46 48 51 56 58 59 61 73 80 83 87 94 96 113 119 141 143 150 151 158 162 184 189 191 201 204 213 221 222 223 225 233 235 245 249 250 258 262 264 266 268 286 293 295 299 301 303 318 325 330 337 340 341 345 352 360 365 378 386 402 409 415 421 428 430 432 440 441 458 461 463 464 468 473 479 480 482 487 498 
	Cluster 5 SSE = 864.968
Centroid 6 = I, 0.403125, 0.304688, 0.101944, 0.359639, 0.160517, 0.0766701, 0.107573, 7.56944
	Members of Cluster (144): 3 4 9 11 20 25 31 32 33 37 40 47 50 54 55 60 62 63 65 67 71 72 75 76 77 78 79 81 82 90 91 92 99 103 104 106 110 114 116 118 120 124 125 126 128 129 135 136 137 138 146 147 152 153 160 163 168 169 183 188 192 193 194 200 202 203 205 206 214 216 231 232 238 242 248 253 255 257 259 263 272 273 278 287 292 296 302 309 310 311 313 314 316 326 331 332 338 346 348 353 354 355 358 364 366 367 377 385 387 391 392 395 396 398 403 404 405 406 410 416 423 425 426 429 433 435 437 443 448 451 454 456 457 465 467 469 474 483 486 489 490 493 494 499 
	Cluster 6 SSE = 1007.46
Total SSE (sum squared-distance of each row with its centroid) = 3782.04
Davies-Bouldin Index: 13.4511
------------------------------------------------------------
Assigning each row to the cluster of the nearest centroid...
------------------------------------------------------------
There are 7 clusters
Recomputing the centroids for each cluster...
Centroid 0 = M, 0.505, 0.392468, 0.134114, 0.698867, 0.316456, 0.152614, 0.195791, 9.02532
	Members of Cluster (79): 2 7 13 27 29 34 35 52 66 69 73 74 95 100 105 109 111 112 115 121 123 145 154 155 165 166 167 170 176 177 180 186 210 212 215 225 228 234 246 267 271 274 282 288 291 304 305 307 321 335 339 341 347 351 356 359 360 362 363 368 369 370 372 383 399 409 418 419 424 436 442 453 475 477 484 485 491 495 496 
	Cluster 0 SSE = 454.738
Centroid 1 = M, 0.634432, 0.498523, 0.173523, 1.33889, 0.572648, 0.293966, 0.383943, 12.4318
	Members of Cluster (44): 8 15 16 36 41 42 45 49 57 85 97 102 132 140 142 148 156 164 218 239 241 252 254 269 312 315 322 333 336 343 379 384 388 394 407 414 431 439 444 449 455 460 462 492 
	Cluster 1 SSE = 387.436
Centroid 2 = M, 0.6846, 0.5432, 0.2056, 1.85544, 0.85362, 0.38698, 0.47282, 10.96
	Members of Cluster (25): 70 84 131 179 209 227 236 237 244 247 280 306 323 342 381 390 393 411 413 417 438 470 471 476 497 
	Cluster 2 SSE = 37.5338
Centroid 3 = M, 0.584722, 0.459815, 0.156481, 1.02266, 0.438435, 0.218093, 0.299546, 11.9074
	Members of Cluster (54): 0 6 12 22 23 28 30 44 53 89 101 117 130 134 139 157 171 172 173 174 175 178 182 187 190 195 198 207 211 217 220 261 279 290 297 308 327 349 350 357 373 374 375 376 380 382 389 397 408 420 427 450 459 472 
	Cluster 3 SSE = 518.152
Centroid 4 = F, 0.619507, 0.487958, 0.16669, 1.25165, 0.53238, 0.276824, 0.353676, 11.507
	Members of Cluster (71): 1 18 19 21 43 64 68 86 88 93 98 107 108 122 127 133 144 149 159 161 181 185 196 197 199 208 219 224 226 229 230 240 243 251 256 260 265 270 275 276 281 283 284 285 289 294 298 300 317 319 320 324 328 329 334 344 361 371 400 401 412 422 434 445 446 447 452 466 478 481 488 
	Cluster 4 SSE = 514.263
Centroid 5 = F, 0.544268, 0.429451, 0.147073, 0.86622, 0.365073, 0.18889, 0.251854, 11.0732
	Members of Cluster (82): 5 10 14 17 24 26 38 39 46 48 51 56 58 59 61 80 83 87 94 96 113 119 141 143 150 151 158 162 184 189 191 201 204 213 221 222 223 233 235 245 249 250 258 264 266 268 277 286 293 295 299 301 303 318 325 330 337 340 345 352 365 378 386 402 415 421 428 430 432 440 441 458 461 463 464 468 473 479 480 482 487 498 
	Cluster 5 SSE = 829.298
Centroid 6 = I, 0.403828, 0.305276, 0.102103, 0.360914, 0.161107, 0.0771759, 0.1078, 7.56552
	Members of Cluster (145): 3 4 9 11 20 25 31 32 33 37 40 47 50 54 55 60 62 63 65 67 71 72 75 76 77 78 79 81 82 90 91 92 99 103 104 106 110 114 116 118 120 124 125 126 128 129 135 136 137 138 146 147 152 153 160 163 168 169 183 188 192 193 194 200 202 203 205 206 214 216 231 232 238 242 248 253 255 257 259 262 263 272 273 278 287 292 296 302 309 310 311 313 314 316 326 331 332 338 346 348 353 354 355 358 364 366 367 377 385 387 391 392 395 396 398 403 404 405 406 410 416 423 425 426 429 433 435 437 443 448 451 454 456 457 465 467 469 474 483 486 489 490 493 494 499 
	Cluster 6 SSE = 1008.85
Total SSE (sum squared-distance of each row with its centroid) = 3750.27
Davies-Bouldin Index: 33.3488
------------------------------------------------------------
Assigning each row to the cluster of the nearest centroid...
------------------------------------------------------------
There are 7 clusters
Recomputing the centroids for each cluster...
Centroid 0 = M, 0.506012, 0.393571, 0.134048, 0.702006, 0.315315, 0.153982, 0.197417, 9.09524
	Members of Cluster (84): 2 7 13 27 29 34 35 52 66 69 73 74 95 100 105 109 111 112 115 121 123 143 145 154 155 165 166 167 170 176 177 180 186 201 210 212 215 223 225 228 234 246 267 271 274 282 288 291 304 305 307 321 335 339 341 347 351 356 359 360 362 363 368 369 370 372 383 399 409 418 419 424 431 436 442 453 475 477 482 484 485 491 495 496 
	Cluster 0 SSE = 467.244
Centroid 1 = M, 0.635806, 0.500806, 0.175806, 1.34969, 0.570452, 0.294919, 0.392806, 13.2258
	Members of Cluster (31): 8 15 16 36 41 42 49 85 97 102 140 148 156 164 218 239 241 252 254 269 312 315 333 336 343 379 388 394 407 449 462 
	Cluster 1 SSE = 294.46
Centroid 2 = M, 0.661711, 0.522368, 0.190921, 1.62953, 0.745237, 0.350408, 0.425211, 10.3947
	Members of Cluster (38): 30 44 45 53 57 59 70 84 132 142 171 179 190 209 211 237 244 264 265 277 280 290 322 342 381 384 393 411 413 414 417 438 439 444 455 460 470 471 
	Cluster 2 SSE = 55.3778
Centroid 3 = M, 0.59569, 0.469569, 0.160517, 1.1114, 0.47344, 0.236371, 0.320379, 12
	Members of Cluster (58): 0 6 12 22 23 24 28 89 101 117 130 131 134 139 157 172 173 174 175 178 182 195 198 207 217 220 227 236 247 261 279 297 306 308 323 327 349 350 357 373 374 375 376 380 382 389 390 397 408 420 427 450 459 463 472 476 492 497 
	Cluster 3 SSE = 518.272
Centroid 4 = F, 0.632708, 0.4975, 0.168056, 1.31642, 0.567229, 0.287778, 0.366604, 11.3333
	Members of Cluster (72): 1 14 18 19 43 64 86 87 88 93 107 108 122 127 133 141 144 149 150 158 159 161 181 185 196 197 199 213 219 224 226 229 230 240 243 250 251 256 260 275 276 281 283 284 285 294 298 299 317 319 320 324 328 329 330 334 361 371 378 400 401 422 428 434 440 441 445 446 452 466 481 488 
	Cluster 4 SSE = 531.299
Centroid 5 = F, 0.522319, 0.412246, 0.143841, 0.743957, 0.30429, 0.164413, 0.225739, 11.4783
	Members of Cluster (69): 5 10 17 21 38 39 46 48 51 56 58 61 68 80 83 96 98 119 151 162 184 187 189 191 204 208 221 222 233 235 245 249 258 266 268 270 286 289 293 295 300 301 303 313 318 325 337 340 344 345 365 386 402 412 415 421 430 432 447 458 461 464 468 473 478 479 480 487 498 
	Cluster 5 SSE = 771.525
Centroid 6 = I, 0.40652, 0.307703, 0.102838, 0.36928, 0.165693, 0.0784459, 0.109997, 7.60811
	Members of Cluster (148): 3 4 9 11 20 25 26 31 32 33 37 40 47 50 54 55 60 62 63 65 67 71 72 75 76 77 78 79 81 82 90 91 92 94 99 103 104 106 110 113 114 116 118 120 124 125 126 128 129 135 136 137 138 146 147 152 153 160 163 168 169 183 188 192 193 194 200 202 203 205 206 214 216 231 232 238 242 248 253 255 257 259 262 263 272 273 278 287 292 296 302 309 310 311 314 316 326 331 332 338 346 348 352 353 354 355 358 364 366 367 377 385 387 391 392 395 396 398 403 404 405 406 410 416 423 425 426 429 433 435 437 443 448 451 454 456 457 465 467 469 474 483 486 489 490 493 494 499 
	Cluster 6 SSE = 1021.32
Total SSE (sum squared-distance of each row with its centroid) = 3659.5
Davies-Bouldin Index: 20.8813
------------------------------------------------------------
Assigning each row to the cluster of the nearest centroid...
------------------------------------------------------------
There are 7 clusters
Recomputing the centroids for each cluster...
Centroid 0 = M, 0.505128, 0.392308, 0.134295, 0.701487, 0.319096, 0.152494, 0.195359, 8.97436
	Members of Cluster (78): 7 13 27 28 29 34 35 52 66 74 95 100 105 109 111 115 121 123 139 145 154 155 157 165 166 167 170 177 180 186 210 212 215 228 234 246 267 271 274 282 288 291 304 305 307 321 335 339 341 347 351 356 359 362 363 368 369 370 372 376 383 399 409 418 419 424 436 442 453 459 472 475 477 484 485 491 495 496 
	Cluster 0 SSE = 457.178
Centroid 1 = M, 0.628125, 0.495208, 0.170208, 1.31971, 0.551854, 0.267, 0.387896, 13
	Members of Cluster (24): 8 36 69 70 97 102 117 135 140 144 146 176 209 217 220 241 252 297 375 379 390 400 420 470 
	Cluster 1 SSE = 139.968
Centroid 2 = M, 0.651455, 0.515364, 0.186364, 1.54335, 0.686809, 0.334973, 0.414773, 10.8
	Members of Cluster (55): 24 30 44 45 49 53 57 59 84 130 131 132 142 143 171 179 190 211 218 223 227 236 237 239 244 247 264 265 277 279 280 290 306 322 323 342 381 384 388 393 411 413 414 417 438 439 444 455 460 462 463 471 476 482 497 
	Cluster 2 SSE = 296.601
Centroid 3 = M, 0.578804, 0.454022, 0.157174, 1.02177, 0.424554, 0.219196, 0.305424, 12.8043
	Members of Cluster (46): 0 6 15 22 23 41 42 85 89 101 107 112 134 148 164 172 173 174 175 178 182 195 207 226 249 266 269 308 312 315 327 328 349 357 373 374 380 386 394 397 407 408 427 431 449 492 
	Cluster 3 SSE = 397.94
Centroid 4 = F, 0.637792, 0.501429, 0.168377, 1.32844, 0.579838, 0.29313, 0.367377, 11.2987
	Members of Cluster (77): 1 12 14 16 18 19 43 64 86 87 88 93 108 122 127 133 141 149 150 156 158 159 161 181 185 196 197 199 213 219 224 229 230 240 243 250 251 254 256 260 261 275 276 281 283 284 285 294 298 299 317 319 320 324 329 330 333 334 336 343 350 361 371 378 401 422 428 434 440 441 445 446 450 452 466 481 488 
	Cluster 4 SSE = 531.394
Centroid 5 = F, 0.522667, 0.412667, 0.143533, 0.737893, 0.30392, 0.164767, 0.221193, 11.2133
	Members of Cluster (75): 2 5 10 17 21 38 39 46 48 51 56 58 61 68 73 80 83 96 98 119 151 162 184 187 189 191 198 201 204 208 221 222 225 233 235 245 258 262 268 270 286 289 293 295 300 301 303 313 318 325 337 340 344 345 360 365 382 389 402 412 415 421 430 432 447 458 461 464 468 473 478 479 480 487 498 
	Cluster 5 SSE = 819.783
Centroid 6 = I, 0.402966, 0.304828, 0.101724, 0.358997, 0.161576, 0.076131, 0.106648, 7.53793
	Members of Cluster (145): 3 4 9 11 20 25 26 31 32 33 37 40 47 50 54 55 60 62 63 65 67 71 72 75 76 77 78 79 81 82 90 91 92 94 99 103 104 106 110 113 114 116 118 120 124 125 126 128 129 136 137 138 147 152 153 160 163 168 169 183 188 192 193 194 200 202 203 205 206 214 216 231 232 238 242 248 253 255 257 259 263 272 273 278 287 292 296 302 309 310 311 314 316 326 331 332 338 346 348 352 353 354 355 358 364 366 367 377 385 387 391 392 395 396 398 403 404 405 406 410 416 423 425 426 429 433 435 437 443 448 451 454 456 457 465 467 469 474 483 486 489 490 493 494 499 
	Cluster 6 SSE = 959.714
Total SSE (sum squared-distance of each row with its centroid) = 3602.58
Davies-Bouldin Index: 18.6597
------------------------------------------------------------
Assigning each row to the cluster of the nearest centroid...
------------------------------------------------------------
There are 7 clusters
Recomputing the centroids for each cluster...
Centroid 0 = M, 0.478629, 0.36879, 0.125806, 0.577016, 0.254339, 0.126847, 0.16675, 8.48387
	Members of Cluster (62): 7 8 13 27 28 29 35 50 74 76 77 95 109 126 134 139 145 154 157 177 182 186 210 212 233 253 267 271 274 292 303 305 318 321 326 335 339 345 346 347 351 354 356 362 368 387 397 398 408 415 416 442 453 459 467 472 477 484 485 491 495 496 
	Cluster 0 SSE = 421.824
Centroid 1 = M, 0.619375, 0.4875, 0.16875, 1.25445, 0.527578, 0.262641, 0.363719, 12.5
	Members of Cluster (32): 36 69 70 97 102 117 121 135 140 144 146 172 174 176 209 217 220 228 241 252 261 297 320 349 350 369 379 394 399 418 470 492 
	Cluster 1 SSE = 199.53
Centroid 2 = M, 0.649576, 0.513729, 0.185085, 1.52609, 0.678975, 0.330432, 0.410805, 10.7627
	Members of Cluster (59): 24 30 44 45 49 53 57 59 84 130 131 132 142 143 171 179 190 211 218 223 227 236 237 239 244 247 264 265 277 279 280 290 306 322 323 341 342 381 384 388 390 393 411 413 414 417 419 420 438 439 444 455 460 462 463 471 476 482 497 
	Cluster 2 SSE = 301.43
Centroid 3 = M, 0.5725, 0.447596, 0.155, 0.997635, 0.430433, 0.211385, 0.28974, 12.2308
	Members of Cluster (52): 0 6 10 15 22 23 41 42 66 85 89 101 105 107 111 112 123 148 155 164 173 175 178 195 207 215 246 249 266 269 282 291 307 308 312 315 327 328 357 372 373 374 376 380 386 407 424 427 431 436 449 475 
	Cluster 3 SSE = 479.909
Centroid 4 = F, 0.639545, 0.503052, 0.169026, 1.34039, 0.583805, 0.295591, 0.37074, 11.3117
	Members of Cluster (77): 1 12 14 16 18 19 43 64 86 87 88 93 108 122 127 133 141 149 150 156 158 159 161 181 185 196 197 199 213 219 224 226 229 230 240 243 250 251 254 256 260 275 276 281 283 284 285 294 298 299 317 319 324 329 330 333 334 336 343 361 371 375 378 400 401 422 428 434 440 441 445 446 450 452 466 481 488 
	Cluster 4 SSE = 531.185
Centroid 5 = F, 0.523716, 0.413649, 0.143041, 0.739547, 0.306297, 0.165095, 0.221824, 11.2703
	Members of Cluster (74): 2 5 17 21 38 39 46 48 51 56 58 61 68 73 80 83 96 98 119 151 162 166 180 184 187 189 191 198 201 204 208 221 222 225 235 245 258 262 268 270 286 289 293 295 300 301 304 313 325 337 340 344 360 365 370 382 389 402 409 412 421 430 432 447 458 461 464 468 473 478 479 480 487 498 
	Cluster 5 SSE = 791.6
Centroid 6 = I, 0.403333, 0.306111, 0.102361, 0.362434, 0.163858, 0.076684, 0.107691, 7.61806
	Members of Cluster (144): 3 4 9 11 20 25 26 31 32 33 34 37 40 47 52 54 55 60 62 63 65 67 71 72 75 78 79 81 82 90 91 92 94 99 100 103 104 106 110 113 114 115 116 118 120 124 125 128 129 136 137 138 147 152 153 160 163 165 167 168 169 170 183 188 192 193 194 200 202 203 205 206 214 216 231 232 234 238 242 248 255 257 259 263 272 273 278 287 288 296 302 309 310 311 314 316 331 332 338 348 352 353 355 358 359 363 364 366 367 377 383 385 391 392 395 396 403 404 405 406 410 423 425 426 429 433 435 437 443 448 451 454 456 457 465 469 474 483 486 489 490 493 494 499 
	Cluster 6 SSE = 982.339
Total SSE (sum squared-distance of each row with its centroid) = 3707.82
Davies-Bouldin Index: 65.0338
------------------------------------------------------------
Assigning each row to the cluster of the nearest centroid...
------------------------------------------------------------
There are 7 clusters
Recomputing the centroids for each cluster...
Centroid 0 = M, 0.476953, 0.366328, 0.123438, 0.563227, 0.2495, 0.123727, 0.162172, 8.26562
	Members of Cluster (64): 7 8 13 20 27 28 35 50 69 76 77 95 109 126 134 139 145 157 176 177 182 186 210 212 233 253 259 267 271 274 292 303 305 321 326 335 339 345 346 347 348 351 354 356 362 368 387 397 398 408 415 416 442 453 454 459 467 472 477 484 485 491 495 496 
	Cluster 0 SSE = 219.707
Centroid 1 = M, 0.633833, 0.5, 0.175667, 1.32953, 0.57755, 0.28755, 0.3782, 11.7333
	Members of Cluster (30): 36 42 49 85 102 105 121 123 164 172 174 220 226 228 241 252 261 269 327 349 369 379 380 388 394 399 407 418 449 492 
	Cluster 1 SSE = 116.094
Centroid 2 = M, 0.645873, 0.510397, 0.183571, 1.50441, 0.667968, 0.322992, 0.404635, 11.0317
	Members of Cluster (63): 24 30 44 45 53 57 59 70 74 84 97 130 131 132 140 142 143 171 179 190 209 211 218 223 227 236 237 239 244 247 264 265 277 279 280 290 306 322 323 341 342 381 384 390 393 411 413 414 417 419 420 438 439 444 455 460 462 463 470 471 476 482 497 
	Cluster 2 SSE = 441.08
Centroid 3 = M, 0.556915, 0.435213, 0.151064, 0.922128, 0.384755, 0.196904, 0.271628, 12.6383
	Members of Cluster (47): 0 6 10 15 22 23 29 41 66 89 101 107 111 112 117 148 154 155 173 175 178 195 198 207 215 246 249 266 282 291 297 307 308 312 315 328 357 372 373 374 376 386 424 427 431 436 475 
	Cluster 3 SSE = 561.149
Centroid 4 = F, 0.639125, 0.503063, 0.168937, 1.33908, 0.5836, 0.293281, 0.372069, 11.3375
	Members of Cluster (80): 1 12 14 16 18 19 43 64 86 87 88 93 108 122 127 133 141 144 149 150 156 158 159 161 181 185 196 197 199 213 217 219 224 229 230 240 243 250 251 254 256 260 275 276 281 283 284 285 294 298 299 317 319 320 324 329 330 333 334 336 343 350 361 371 375 378 400 401 422 428 434 440 441 445 446 450 452 466 481 488 
	Cluster 4 SSE = 538.628
Centroid 5 = F, 0.523986, 0.413784, 0.142838, 0.736311, 0.305547, 0.163514, 0.2215, 11.2297
	Members of Cluster (74): 2 5 17 21 38 39 46 48 51 56 58 61 68 73 80 83 96 98 119 151 162 166 180 184 187 189 191 201 204 208 221 222 225 235 245 258 262 268 270 286 289 293 295 300 301 304 313 318 325 337 340 344 360 365 370 382 389 402 409 412 421 430 432 447 458 461 464 468 473 478 479 480 487 498 
	Cluster 5 SSE = 801.08
Centroid 6 = I, 0.403944, 0.306725, 0.102817, 0.368292, 0.165842, 0.0779296, 0.109937, 7.6831
	Members of Cluster (142): 3 4 9 11 25 26 31 32 33 34 37 40 47 52 54 55 60 62 63 65 67 71 72 75 78 79 81 82 90 91 92 94 99 100 103 104 106 110 113 114 115 116 118 120 124 125 128 129 135 136 137 138 146 147 152 153 160 163 165 167 168 169 170 183 188 192 193 194 200 202 203 205 206 214 216 231 232 234 238 242 248 255 257 263 272 273 278 287 288 296 302 309 310 311 314 316 331 332 338 352 353 355 358 359 363 364 366 367 377 383 385 391 392 395 396 403 404 405 406 410 423 425 426 429 433 435 437 443 448 451 456 457 465 469 474 483 486 489 490 493 494 499 
	Cluster 6 SSE = 1040.27
Total SSE (sum squared-distance of each row with its centroid) = 3718.01
Davies-Bouldin Index: 90.6068
------------------------------------------------------------
Assigning each row to the cluster of the nearest centroid...
------------------------------------------------------------
There are 7 clusters
Recomputing the centroids for each cluster...
Centroid 0 = M, 0.476692, 0.366231, 0.123615, 0.564631, 0.250392, 0.124131, 0.161138, 8.24615
	Members of Cluster (65): 7 8 13 20 27 28 35 50 74 76 77 95 109 126 134 139 145 157 176 177 182 186 210 212 233 253 259 267 271 274 292 303 305 321 326 335 339 341 345 346 347 348 351 354 356 362 368 387 397 398 408 415 416 442 453 454 459 467 472 477 484 485 491 495 496 
	Cluster 0 SSE = 203.279
Centroid 1 = M, 0.617632, 0.487763, 0.166842, 1.20172, 0.521553, 0.260026, 0.344987, 11.3421
	Members of Cluster (38): 12 22 23 36 45 53 57 97 101 102 105 121 123 171 172 174 198 217 220 228 241 252 261 349 350 357 369 379 380 384 389 394 399 418 444 450 460 492 
	Cluster 1 SSE = 227.802
Centroid 2 = M, 0.677237, 0.536842, 0.198684, 1.73447, 0.781553, 0.367487, 0.4575, 11.5263
	Members of Cluster (38): 49 70 84 131 132 140 142 179 209 218 227 236 237 239 244 247 280 306 322 323 342 375 381 388 390 413 414 417 419 420 438 439 455 462 470 471 476 497 
	Cluster 2 SSE = 267.57
Centroid 3 = M, 0.56881, 0.444206, 0.155159, 0.97423, 0.411008, 0.208111, 0.287865, 12.2381
	Members of Cluster (63): 0 6 10 15 24 29 30 41 42 44 66 69 85 89 107 111 112 117 130 143 148 151 154 155 164 173 175 178 190 195 207 211 215 223 246 249 266 269 279 282 290 291 297 307 308 312 315 327 328 372 373 374 376 386 407 424 427 431 436 449 463 475 482 
	Cluster 3 SSE = 633.377
Centroid 4 = F, 0.642256, 0.505915, 0.170366, 1.38067, 0.599707, 0.303933, 0.379634, 11.2683
	Members of Cluster (82): 1 14 16 18 19 43 59 64 86 87 88 93 108 122 127 133 141 144 149 150 156 158 159 161 181 185 196 197 199 213 219 224 226 229 230 240 243 250 251 254 256 260 264 265 275 276 277 281 283 284 285 294 298 299 317 319 320 324 329 330 333 334 336 343 361 371 378 393 400 401 411 422 428 434 440 441 445 446 452 466 481 488 
	Cluster 4 SSE = 547.123
Centroid 5 = F, 0.5225, 0.412639, 0.142361, 0.733271, 0.304104, 0.163375, 0.220917, 11.2222
	Members of Cluster (72): 2 5 17 21 38 39 46 48 51 56 58 61 68 73 80 83 96 98 119 162 166 180 184 187 189 191 201 204 208 221 222 225 235 245 258 262 268 270 286 289 293 295 300 301 304 313 318 325 337 340 344 360 365 370 382 402 409 412 421 430 432 447 458 461 464 468 473 478 479 480 487 498 
	Cluster 5 SSE = 799.387
Centroid 6 = I, 0.403944, 0.306725, 0.102817, 0.368292, 0.165842, 0.0779296, 0.109937, 7.6831
	Members of Cluster (142): 3 4 9 11 25 26 31 32 33 34 37 40 47 52 54 55 60 62 63 65 67 71 72 75 78 79 81 82 90 91 92 94 99 100 103 104 106 110 113 114 115 116 118 120 124 125 128 129 135 136 137 138 146 147 152 153 160 163 165 167 168 169 170 183 188 192 193 194 200 202 203 205 206 214 216 231 232 234 238 242 248 255 257 263 272 273 278 287 288 296 302 309 310 311 314 316 331 332 338 352 353 355 358 359 363 364 366 367 377 383 385 391 392 395 396 403 404 405 406 410 423 425 426 429 433 435 437 443 448 451 456 457 465 469 474 483 486 489 490 493 494 499 
	Cluster 6 SSE = 1040.27
Total SSE (sum squared-distance of each row with its centroid) = 3718.8
Davies-Bouldin Index: 23.4221
Convergence is detected because the sum squared-distance did not improve, and more than 3 iterations were performed
