Dataset name: ../data/abalone500.arff
Number of instances (rows): 500
Number of attributes (cols): 9
Learning algorithm: clustering
Evaluation method: training
Running k-means...
Centroid 0 = I, 0.672, 0.693069, 0.173469, 0.33031, 0.325907, 0.245081, 0.413376, 0.333333
Centroid 1 = I, 0.32, 0.267327, 0.112245, 0.0546298, 0.0449978, 0.0563506, 0.0684932, 0.190476
Centroid 2 = M, 0.24, 0.227723, 0.0816327, 0.0337482, 0.0262123, 0.0268336, 0.0427075, 0.0952381
Centroid 3 = M, 0.824, 0.821782, 0.336735, 0.622653, 0.558759, 0.520572, 0.679291, 0.428571
Centroid 4 = I, 0.504, 0.485149, 0.244898, 0.178654, 0.165574, 0.152952, 0.203868, 0.190476
Centroid 5 = M, 0.528, 0.554455, 0.234694, 0.210926, 0.16339, 0.177996, 0.324738, 0.285714
------------------------------------------------------------
Assigning each row to the cluster of the nearest centroid...
------------------------------------------------------------
There are 6 clusters
Recomputing the centroids for each cluster...
Centroid 0 = F, 0.694194, 0.689875, 0.256528, 0.364008, 0.322834, 0.32738, 0.40959, 0.373272
	Members of Cluster (93): 2 10 14 17 18 21 34 38 39 48 51 52 58 73 76 83 87 88 94 98 107 108 113 115 118 127 135 137 146 151 162 165 167 170 184 187 191 193 201 204 216 225 234 240 249 253 266 268 270 292 293 295 298 299 300 301 304 313 318 320 325 328 337 338 344 352 354 359 360 361 363 377 382 383 386 398 402 409 410 412 416 421 430 432 447 458 461 464 467 479 480 490 498 
	Cluster 0 SSE = 37.2432
Centroid 1 = I, 0.283016, 0.258237, 0.103714, 0.0609887, 0.0601308, 0.0509399, 0.0710823, 0.14676
	Members of Cluster (61): 25 31 32 37 40 54 55 63 65 67 72 75 79 81 82 91 92 106 110 114 128 129 136 138 147 153 168 169 183 188 200 206 214 242 248 255 263 273 287 310 311 316 355 358 365 392 395 396 406 423 425 426 437 443 448 465 474 486 489 493 499 
	Cluster 1 SSE = 3.42862
Centroid 2 = M, 0.299733, 0.282508, 0.122449, 0.0670323, 0.0546672, 0.0620751, 0.0836422, 0.206349
	Members of Cluster (15): 7 11 35 109 120 157 271 314 339 362 368 404 453 485 495 
	Cluster 2 SSE = 0.284755
Centroid 3 = M, 0.824237, 0.818911, 0.309141, 0.591708, 0.537572, 0.538615, 0.621197, 0.408566
	Members of Cluster (169): 1 6 8 12 16 19 23 30 36 42 43 44 45 49 53 57 59 64 66 70 84 85 86 93 97 101 102 105 121 122 123 131 132 133 140 141 142 144 149 150 156 158 159 161 164 171 172 173 174 175 179 181 185 190 195 196 197 199 209 211 213 215 217 218 219 220 224 226 227 228 229 230 236 237 239 241 243 244 247 250 251 252 254 256 260 261 264 265 269 275 276 277 280 281 282 283 284 285 290 294 297 306 307 308 317 319 322 323 324 327 329 330 333 334 336 342 343 349 350 369 371 375 378 379 380 381 384 388 390 393 394 397 399 400 401 407 411 413 414 417 418 419 420 422 424 427 428 434 438 439 440 441 444 445 446 449 450 452 455 460 462 466 470 471 476 481 488 492 497 
	Cluster 3 SSE = 88.5658
Centroid 4 = I, 0.518444, 0.501238, 0.185091, 0.181288, 0.165896, 0.159871, 0.203487, 0.251323
	Members of Cluster (72): 3 4 9 20 26 33 50 60 62 71 77 78 80 90 99 100 103 104 116 124 125 126 152 160 163 166 189 194 202 205 222 231 232 233 238 245 258 259 272 278 288 289 296 302 309 326 331 332 345 346 348 353 364 366 367 385 387 391 403 405 415 429 433 435 451 454 456 457 469 483 487 494 
	Cluster 4 SSE = 14.5831
Centroid 5 = M, 0.610311, 0.60209, 0.231293, 0.296571, 0.258837, 0.271944, 0.334202, 0.363492
	Members of Cluster (90): 0 5 13 15 22 24 27 28 29 41 46 47 56 61 68 69 74 89 95 96 111 112 117 119 130 134 139 143 145 148 154 155 176 177 178 180 182 186 192 198 203 207 208 210 212 221 223 235 246 257 262 267 274 279 286 291 303 305 312 315 321 335 340 341 347 351 356 357 370 372 373 374 376 389 408 431 436 442 459 463 468 472 473 475 477 478 482 484 491 496 
	Cluster 5 SSE = 26.8392
Total SSE (sum squared-distance of each row with its centroid) = 170.945
Davies-Bouldin Index: 1.40109
------------------------------------------------------------
Assigning each row to the cluster of the nearest centroid...
------------------------------------------------------------
There are 6 clusters
Recomputing the centroids for each cluster...
Centroid 0 = F, 0.720337, 0.716987, 0.266966, 0.438693, 0.386898, 0.406088, 0.475525, 0.385829
	Members of Cluster (166): 1 2 5 10 14 16 17 18 19 21 38 39 43 46 48 51 56 58 59 61 64 68 71 73 80 83 86 87 88 93 96 98 107 108 119 122 127 133 141 144 149 150 151 156 158 159 161 162 166 180 181 184 185 189 191 192 196 197 199 201 204 208 213 219 221 222 224 225 226 229 230 233 235 240 243 245 249 250 251 254 256 257 258 260 262 264 265 266 268 270 275 276 277 281 283 284 285 286 289 293 294 295 298 299 300 301 303 304 317 318 319 320 324 325 328 329 330 333 334 336 337 340 343 344 345 360 361 365 367 370 371 378 386 393 400 401 402 409 411 412 415 421 422 428 430 432 434 440 441 445 446 447 452 458 461 464 466 468 473 478 479 480 481 487 488 498 
	Cluster 0 SSE = 28.2474
Centroid 1 = I, 0.276414, 0.252134, 0.101689, 0.059292, 0.0589627, 0.0492567, 0.069424, 0.146962
	Members of Cluster (58): 25 31 32 37 40 54 55 63 65 67 72 75 79 81 82 91 92 106 110 114 128 129 136 138 147 153 168 169 183 188 200 206 214 242 248 255 263 273 287 310 311 316 355 392 395 396 423 425 426 437 443 448 465 474 486 489 493 499 
	Cluster 1 SSE = 2.30539
Centroid 2 = M, 0.332211, 0.312663, 0.132653, 0.0841595, 0.0692327, 0.0789944, 0.101531, 0.220551
	Members of Cluster (19): 7 11 35 109 112 120 157 203 271 274 314 339 356 362 368 404 453 485 495 
	Cluster 2 SSE = 0.578198
Centroid 3 = M, 0.829885, 0.825538, 0.321018, 0.609341, 0.560572, 0.544569, 0.638519, 0.406678
	Members of Cluster (87): 6 8 12 30 36 42 44 45 49 53 57 66 70 84 85 97 101 102 105 121 123 131 132 140 142 164 171 172 174 175 179 209 211 217 218 220 227 228 236 237 239 241 244 247 252 261 269 280 306 307 322 323 327 342 349 350 369 375 379 380 381 384 388 390 394 399 407 413 414 417 418 419 420 424 438 439 444 449 450 455 460 462 470 471 476 492 497 
	Cluster 3 SSE = 9.5896
Centroid 4 = I, 0.581447, 0.562671, 0.20571, 0.233986, 0.216075, 0.203603, 0.264166, 0.281155
	Members of Cluster (94): 3 4 9 20 26 33 34 50 52 60 62 76 77 78 90 94 99 100 103 104 113 115 116 118 124 125 126 135 137 146 152 160 163 165 167 170 187 193 194 202 205 216 231 232 234 238 253 259 272 278 288 292 296 302 309 313 326 331 332 338 346 348 352 353 354 358 359 363 364 366 377 382 383 385 387 391 398 403 405 406 410 416 429 433 435 451 454 456 457 467 469 483 490 494 
	Cluster 4 SSE = 6.51635
Centroid 5 = M, 0.646, 0.638484, 0.242213, 0.334909, 0.296843, 0.305421, 0.36998, 0.369048
	Members of Cluster (76): 0 13 15 22 23 24 27 28 29 41 47 69 74 89 95 111 117 130 134 139 143 145 148 154 155 173 176 177 178 182 186 190 195 198 207 210 212 215 223 246 267 279 282 290 291 297 305 308 312 315 321 335 341 347 351 357 372 373 374 376 389 397 408 427 431 436 442 459 463 472 475 477 482 484 491 496 
	Cluster 5 SSE = 4.95724
Total SSE (sum squared-distance of each row with its centroid) = 52.1942
Davies-Bouldin Index: 0.358448
------------------------------------------------------------
Assigning each row to the cluster of the nearest centroid...
------------------------------------------------------------
There are 6 clusters
Recomputing the centroids for each cluster...
Centroid 0 = F, 0.720337, 0.716987, 0.266966, 0.438693, 0.386898, 0.406088, 0.475525, 0.385829
	Members of Cluster (166): 1 2 5 10 14 16 17 18 19 21 38 39 43 46 48 51 56 58 59 61 64 68 71 73 80 83 86 87 88 93 96 98 107 108 119 122 127 133 141 144 149 150 151 156 158 159 161 162 166 180 181 184 185 189 191 192 196 197 199 201 204 208 213 219 221 222 224 225 226 229 230 233 235 240 243 245 249 250 251 254 256 257 258 260 262 264 265 266 268 270 275 276 277 281 283 284 285 286 289 293 294 295 298 299 300 301 303 304 317 318 319 320 324 325 328 329 330 333 334 336 337 340 343 344 345 360 361 365 367 370 371 378 386 393 400 401 402 409 411 412 415 421 422 428 430 432 434 440 441 445 446 447 452 458 461 464 466 468 473 478 479 480 481 487 488 498 
	Cluster 0 SSE = 28.2474
Centroid 1 = I, 0.29803, 0.272942, 0.108285, 0.0665613, 0.0650483, 0.0556831, 0.0772728, 0.15494
	Members of Cluster (67): 25 31 32 37 40 54 55 63 65 67 72 75 78 79 81 82 91 92 104 106 110 114 128 129 136 138 147 153 160 168 169 183 188 200 206 214 242 248 255 263 272 273 287 309 310 311 316 355 358 391 392 395 396 406 423 425 426 437 443 448 465 469 474 486 489 493 499 
	Cluster 1 SSE = 2.87446
Centroid 2 = M, 0.359636, 0.340234, 0.136827, 0.0962302, 0.0819929, 0.0896081, 0.115266, 0.235931
	Members of Cluster (22): 7 11 35 47 109 112 120 157 203 271 274 314 339 356 362 368 404 431 453 459 485 495 
	Cluster 2 SSE = 0.94505
Centroid 3 = M, 0.833659, 0.829389, 0.324042, 0.619032, 0.570693, 0.554005, 0.647137, 0.401278
	Members of Cluster (82): 8 12 30 36 42 44 45 49 53 57 70 84 85 97 102 105 121 123 131 132 140 142 164 171 172 174 179 209 211 217 218 220 227 228 236 237 239 241 244 247 252 261 269 280 306 322 323 327 342 349 350 369 375 379 380 381 384 388 390 394 399 407 413 414 417 418 419 420 424 438 439 444 449 450 455 460 462 470 471 476 492 497 
	Cluster 3 SSE = 8.64162
Centroid 4 = I, 0.596706, 0.57915, 0.211525, 0.246754, 0.227914, 0.21488, 0.278599, 0.289076
	Members of Cluster (85): 3 4 9 20 26 33 34 50 52 60 62 76 77 90 94 99 100 103 113 115 116 118 124 125 126 135 137 146 152 163 165 167 170 187 193 194 202 205 216 231 232 234 238 253 259 278 288 292 296 302 313 326 331 332 338 346 348 352 353 354 359 363 364 366 377 382 383 385 387 398 403 405 410 416 429 433 435 451 454 456 457 467 483 490 494 
	Cluster 4 SSE = 5.36504
Centroid 5 = M, 0.658154, 0.651181, 0.247122, 0.348552, 0.308264, 0.316545, 0.384584, 0.37851
	Members of Cluster (78): 0 6 13 15 22 23 24 27 28 29 41 66 69 74 89 95 101 111 117 130 134 139 143 145 148 154 155 173 175 176 177 178 182 186 190 195 198 207 210 212 215 223 246 267 279 282 290 291 297 305 307 308 312 315 321 335 341 347 351 357 372 373 374 376 389 397 408 427 436 442 463 472 475 477 482 484 491 496 
	Cluster 5 SSE = 5.25224
Total SSE (sum squared-distance of each row with its centroid) = 51.3258
Davies-Bouldin Index: 0.364537
------------------------------------------------------------
Assigning each row to the cluster of the nearest centroid...
------------------------------------------------------------
There are 6 clusters
Recomputing the centroids for each cluster...
Centroid 0 = F, 0.720337, 0.716987, 0.266966, 0.438693, 0.386898, 0.406088, 0.475525, 0.385829
	Members of Cluster (166): 1 2 5 10 14 16 17 18 19 21 38 39 43 46 48 51 56 58 59 61 64 68 71 73 80 83 86 87 88 93 96 98 107 108 119 122 127 133 141 144 149 150 151 156 158 159 161 162 166 180 181 184 185 189 191 192 196 197 199 201 204 208 213 219 221 222 224 225 226 229 230 233 235 240 243 245 249 250 251 254 256 257 258 260 262 264 265 266 268 270 275 276 277 281 283 284 285 286 289 293 294 295 298 299 300 301 303 304 317 318 319 320 324 325 328 329 330 333 334 336 337 340 343 344 345 360 361 365 367 370 371 378 386 393 400 401 402 409 411 412 415 421 422 428 430 432 434 440 441 445 446 447 452 458 461 464 466 468 473 478 479 480 481 487 488 498 
	Cluster 0 SSE = 28.2474
Centroid 1 = I, 0.302377, 0.278089, 0.110027, 0.0684501, 0.0663855, 0.0575951, 0.0795408, 0.15735
	Members of Cluster (69): 25 31 32 37 40 54 55 63 65 67 72 75 78 79 81 82 91 92 104 106 110 114 125 128 129 136 138 147 153 160 168 169 183 188 200 206 214 242 248 255 263 272 273 287 309 310 311 316 355 358 364 391 392 395 396 406 423 425 426 437 443 448 465 469 474 486 489 493 499 
	Cluster 1 SSE = 3.0391
Centroid 2 = M, 0.366609, 0.347396, 0.138421, 0.100254, 0.0858359, 0.0939566, 0.119154, 0.236025
	Members of Cluster (23): 7 11 35 47 109 112 120 157 177 203 271 274 314 339 356 362 368 404 431 453 459 485 495 
	Cluster 2 SSE = 1.02977
Centroid 3 = M, 0.83936, 0.835776, 0.328299, 0.633183, 0.582047, 0.566881, 0.662659, 0.406349
	Members of Cluster (75): 8 12 36 42 44 45 49 53 57 70 84 85 97 102 121 123 131 132 140 142 164 172 174 179 209 217 218 227 228 236 237 239 241 244 247 252 261 269 280 306 322 323 327 342 349 350 369 375 379 381 384 388 390 394 399 407 413 414 417 418 419 420 438 439 444 449 450 455 460 462 470 471 476 492 497 
	Cluster 3 SSE = 7.7953
Centroid 4 = I, 0.600289, 0.58225, 0.212565, 0.249525, 0.230726, 0.217126, 0.281565, 0.290304
	Members of Cluster (83): 3 4 9 20 26 33 34 50 52 60 62 76 77 90 94 99 100 103 113 115 116 118 124 126 135 137 146 152 163 165 167 170 187 193 194 202 205 216 231 232 234 238 253 259 278 288 292 296 302 313 326 331 332 338 346 348 352 353 354 359 363 366 377 382 383 385 387 398 403 405 410 416 429 433 435 451 454 456 457 467 483 490 494 
	Cluster 4 SSE = 5.16628
Centroid 5 = M, 0.669333, 0.66207, 0.250607, 0.360359, 0.321637, 0.326348, 0.394747, 0.377551
	Members of Cluster (84): 0 6 13 15 22 23 24 27 28 29 30 41 66 69 74 89 95 101 105 111 117 130 134 139 143 145 148 154 155 171 173 175 176 178 182 186 190 195 198 207 210 211 212 215 220 223 246 267 279 282 290 291 297 305 307 308 312 315 321 335 341 347 351 357 372 373 374 376 380 389 397 408 424 427 436 442 463 472 475 477 482 484 491 496 
	Cluster 5 SSE = 5.68707
Total SSE (sum squared-distance of each row with its centroid) = 50.965
Davies-Bouldin Index: 0.361398
------------------------------------------------------------
Assigning each row to the cluster of the nearest centroid...
------------------------------------------------------------
There are 6 clusters
Recomputing the centroids for each cluster...
Centroid 0 = F, 0.720337, 0.716987, 0.266966, 0.438693, 0.386898, 0.406088, 0.475525, 0.385829
	Members of Cluster (166): 1 2 5 10 14 16 17 18 19 21 38 39 43 46 48 51 56 58 59 61 64 68 71 73 80 83 86 87 88 93 96 98 107 108 119 122 127 133 141 144 149 150 151 156 158 159 161 162 166 180 181 184 185 189 191 192 196 197 199 201 204 208 213 219 221 222 224 225 226 229 230 233 235 240 243 245 249 250 251 254 256 257 258 260 262 264 265 266 268 270 275 276 277 281 283 284 285 286 289 293 294 295 298 299 300 301 303 304 317 318 319 320 324 325 328 329 330 333 334 336 337 340 343 344 345 360 361 365 367 370 371 378 386 393 400 401 402 409 411 412 415 421 422 428 430 432 434 440 441 445 446 447 452 458 461 464 466 468 473 478 479 480 481 487 488 498 
	Cluster 0 SSE = 28.2474
Centroid 1 = I, 0.307042, 0.283503, 0.111239, 0.0701581, 0.0676106, 0.0590466, 0.0822485, 0.158283
	Members of Cluster (71): 4 25 31 32 37 40 54 55 60 63 65 67 72 75 78 79 81 82 91 92 104 106 110 114 125 128 129 136 138 147 153 160 168 169 183 188 200 206 214 242 248 255 263 272 273 287 309 310 311 316 355 358 364 391 392 395 396 406 423 425 426 437 443 448 465 469 474 486 489 493 499 
	Cluster 1 SSE = 3.20625
Centroid 2 = M, 0.38016, 0.362376, 0.142449, 0.109184, 0.0930363, 0.10347, 0.128219, 0.245714
	Members of Cluster (25): 7 11 35 47 109 112 120 157 176 177 203 271 274 314 339 351 356 362 368 404 431 453 459 485 495 
	Cluster 2 SSE = 1.29672
Centroid 3 = M, 0.845449, 0.841297, 0.331559, 0.646555, 0.594595, 0.578984, 0.674818, 0.408558
	Members of Cluster (69): 8 12 36 42 45 49 57 70 84 85 97 121 131 132 140 142 164 172 174 179 209 217 218 227 228 236 237 239 241 244 247 252 261 269 280 306 322 323 342 349 350 369 375 379 381 384 388 390 394 407 413 414 417 418 419 420 438 439 444 449 450 455 460 462 470 471 476 492 497 
	Cluster 3 SSE = 7.01177
Centroid 4 = I, 0.603556, 0.585014, 0.214034, 0.252499, 0.23371, 0.219793, 0.284179, 0.292769
	Members of Cluster (81): 3 9 20 26 33 34 50 52 62 76 77 90 94 99 100 103 113 115 116 118 124 126 135 137 146 152 163 165 167 170 187 193 194 202 205 216 231 232 234 238 253 259 278 288 292 296 302 313 326 331 332 338 346 348 352 353 354 359 363 366 377 382 383 385 387 398 403 405 410 416 429 433 435 451 454 456 457 467 483 490 494 
	Cluster 4 SSE = 4.96816
Centroid 5 = M, 0.679182, 0.67248, 0.254754, 0.37185, 0.332867, 0.335837, 0.407168, 0.378247
	Members of Cluster (88): 0 6 13 15 22 23 24 27 28 29 30 41 44 53 66 69 74 89 95 101 102 105 111 117 123 130 134 139 143 145 148 154 155 171 173 175 178 182 186 190 195 198 207 210 211 212 215 220 223 246 267 279 282 290 291 297 305 307 308 312 315 321 327 335 341 347 357 372 373 374 376 380 389 397 399 408 424 427 436 442 463 472 475 477 482 484 491 496 
	Cluster 5 SSE = 5.98782
Total SSE (sum squared-distance of each row with its centroid) = 50.7181
Davies-Bouldin Index: 0.362639
------------------------------------------------------------
Assigning each row to the cluster of the nearest centroid...
------------------------------------------------------------
There are 6 clusters
Recomputing the centroids for each cluster...
Centroid 0 = F, 0.720337, 0.716987, 0.266966, 0.438693, 0.386898, 0.406088, 0.475525, 0.385829
	Members of Cluster (166): 1 2 5 10 14 16 17 18 19 21 38 39 43 46 48 51 56 58 59 61 64 68 71 73 80 83 86 87 88 93 96 98 107 108 119 122 127 133 141 144 149 150 151 156 158 159 161 162 166 180 181 184 185 189 191 192 196 197 199 201 204 208 213 219 221 222 224 225 226 229 230 233 235 240 243 245 249 250 251 254 256 257 258 260 262 264 265 266 268 270 275 276 277 281 283 284 285 286 289 293 294 295 298 299 300 301 303 304 317 318 319 320 324 325 328 329 330 333 334 336 337 340 343 344 345 360 361 365 367 370 371 378 386 393 400 401 402 409 411 412 415 421 422 428 430 432 434 440 441 445 446 447 452 458 461 464 466 468 473 478 479 480 481 487 488 498 
	Cluster 0 SSE = 28.2474
Centroid 1 = I, 0.307042, 0.283503, 0.111239, 0.0701581, 0.0676106, 0.0590466, 0.0822485, 0.158283
	Members of Cluster (71): 4 25 31 32 37 40 54 55 60 63 65 67 72 75 78 79 81 82 91 92 104 106 110 114 125 128 129 136 138 147 153 160 168 169 183 188 200 206 214 242 248 255 263 272 273 287 309 310 311 316 355 358 364 391 392 395 396 406 423 425 426 437 443 448 465 469 474 486 489 493 499 
	Cluster 1 SSE = 3.20625
Centroid 2 = M, 0.386462, 0.368621, 0.14325, 0.11364, 0.0983634, 0.108745, 0.131067, 0.24359
	Members of Cluster (26): 7 11 13 35 47 109 112 120 157 176 177 203 271 274 314 339 351 356 362 368 404 431 453 459 485 495 
	Cluster 2 SSE = 1.40594
Centroid 3 = M, 0.850462, 0.846306, 0.333438, 0.655603, 0.60777, 0.585262, 0.68027, 0.405128
	Members of Cluster (65): 8 12 36 42 45 49 57 70 84 85 97 121 131 132 140 142 164 172 179 209 217 218 227 228 236 237 239 241 244 247 252 261 269 280 306 322 323 342 350 369 375 379 381 384 388 390 407 413 414 417 418 419 420 438 439 444 449 450 455 460 462 470 471 476 497 
	Cluster 3 SSE = 6.50013
Centroid 4 = I, 0.603556, 0.585014, 0.214034, 0.252499, 0.23371, 0.219793, 0.284179, 0.292769
	Members of Cluster (81): 3 9 20 26 33 34 50 52 62 76 77 90 94 99 100 103 113 115 116 118 124 126 135 137 146 152 163 165 167 170 187 193 194 202 205 216 231 232 234 238 253 259 278 288 292 296 302 313 326 331 332 338 346 348 352 353 354 359 363 366 377 382 383 385 387 398 403 405 410 416 429 433 435 451 454 456 457 467 483 490 494 
	Cluster 4 SSE = 4.96816
Centroid 5 = M, 0.684396, 0.677946, 0.257793, 0.379076, 0.336075, 0.343087, 0.41729, 0.384092
	Members of Cluster (91): 0 6 15 22 23 24 27 28 29 30 41 44 53 66 69 74 89 95 101 102 105 111 117 123 130 134 139 143 145 148 154 155 171 173 174 175 178 182 186 190 195 198 207 210 211 212 215 220 223 246 267 279 282 290 291 297 305 307 308 312 315 321 327 335 341 347 349 357 372 373 374 376 380 389 394 397 399 408 424 427 436 442 463 472 475 477 482 484 491 492 496 
	Cluster 5 SSE = 6.24628
Total SSE (sum squared-distance of each row with its centroid) = 50.5742
Davies-Bouldin Index: 0.360986
------------------------------------------------------------
Assigning each row to the cluster of the nearest centroid...
------------------------------------------------------------
There are 6 clusters
Recomputing the centroids for each cluster...
Centroid 0 = F, 0.720337, 0.716987, 0.266966, 0.438693, 0.386898, 0.406088, 0.475525, 0.385829
	Members of Cluster (166): 1 2 5 10 14 16 17 18 19 21 38 39 43 46 48 51 56 58 59 61 64 68 71 73 80 83 86 87 88 93 96 98 107 108 119 122 127 133 141 144 149 150 151 156 158 159 161 162 166 180 181 184 185 189 191 192 196 197 199 201 204 208 213 219 221 222 224 225 226 229 230 233 235 240 243 245 249 250 251 254 256 257 258 260 262 264 265 266 268 270 275 276 277 281 283 284 285 286 289 293 294 295 298 299 300 301 303 304 317 318 319 320 324 325 328 329 330 333 334 336 337 340 343 344 345 360 361 365 367 370 371 378 386 393 400 401 402 409 411 412 415 421 422 428 430 432 434 440 441 445 446 447 452 458 461 464 466 468 473 478 479 480 481 487 488 498 
	Cluster 0 SSE = 28.2474
Centroid 1 = I, 0.307042, 0.283503, 0.111239, 0.0701581, 0.0676106, 0.0590466, 0.0822485, 0.158283
	Members of Cluster (71): 4 25 31 32 37 40 54 55 60 63 65 67 72 75 78 79 81 82 91 92 104 106 110 114 125 128 129 136 138 147 153 160 168 169 183 188 200 206 214 242 248 255 263 272 273 287 309 310 311 316 355 358 364 391 392 395 396 406 423 425 426 437 443 448 465 469 474 486 489 493 499 
	Cluster 1 SSE = 3.20625
Centroid 2 = M, 0.403034, 0.388529, 0.148839, 0.125385, 0.110453, 0.1152, 0.1451, 0.243021
	Members of Cluster (29): 7 11 13 35 47 109 112 120 157 176 177 203 210 271 274 305 314 339 347 351 356 362 368 404 431 453 459 485 495 
	Cluster 2 SSE = 1.73385
Centroid 3 = M, 0.852, 0.848082, 0.334503, 0.657598, 0.608808, 0.587684, 0.682678, 0.40625
	Members of Cluster (64): 8 12 36 42 45 49 57 70 84 85 97 121 131 132 140 142 164 172 179 209 217 218 227 228 236 237 239 241 244 247 252 261 269 280 306 322 323 342 350 369 375 379 381 384 388 390 407 413 414 417 418 419 420 438 439 449 450 455 460 462 470 471 476 497 
	Cluster 3 SSE = 6.39765
Centroid 4 = I, 0.603556, 0.585014, 0.214034, 0.252499, 0.23371, 0.219793, 0.284179, 0.292769
	Members of Cluster (81): 3 9 20 26 33 34 50 52 62 76 77 90 94 99 100 103 113 115 116 118 124 126 135 137 146 152 163 165 167 170 187 193 194 202 205 216 231 232 234 238 253 259 278 288 292 296 302 313 326 331 332 338 346 348 352 353 354 359 363 366 377 382 383 385 387 398 403 405 410 416 429 433 435 451 454 456 457 467 483 490 494 
	Cluster 4 SSE = 4.96816
Centroid 5 = M, 0.689798, 0.682501, 0.259917, 0.385869, 0.342454, 0.349862, 0.423589, 0.388443
	Members of Cluster (89): 0 6 15 22 23 24 27 28 29 30 41 44 53 66 69 74 89 95 101 102 105 111 117 123 130 134 139 143 145 148 154 155 171 173 174 175 178 182 186 190 195 198 207 211 212 215 220 223 246 267 279 282 290 291 297 307 308 312 315 321 327 335 341 349 357 372 373 374 376 380 389 394 397 399 408 424 427 436 442 444 463 472 475 477 482 484 491 492 496 
	Cluster 5 SSE = 5.85578
Total SSE (sum squared-distance of each row with its centroid) = 50.4091
Davies-Bouldin Index: 0.367527
------------------------------------------------------------
Assigning each row to the cluster of the nearest centroid...
------------------------------------------------------------
There are 6 clusters
Recomputing the centroids for each cluster...
Centroid 0 = F, 0.720337, 0.716987, 0.266966, 0.438693, 0.386898, 0.406088, 0.475525, 0.385829
	Members of Cluster (166): 1 2 5 10 14 16 17 18 19 21 38 39 43 46 48 51 56 58 59 61 64 68 71 73 80 83 86 87 88 93 96 98 107 108 119 122 127 133 141 144 149 150 151 156 158 159 161 162 166 180 181 184 185 189 191 192 196 197 199 201 204 208 213 219 221 222 224 225 226 229 230 233 235 240 243 245 249 250 251 254 256 257 258 260 262 264 265 266 268 270 275 276 277 281 283 284 285 286 289 293 294 295 298 299 300 301 303 304 317 318 319 320 324 325 328 329 330 333 334 336 337 340 343 344 345 360 361 365 367 370 371 378 386 393 400 401 402 409 411 412 415 421 422 428 430 432 434 440 441 445 446 447 452 458 461 464 466 468 473 478 479 480 481 487 488 498 
	Cluster 0 SSE = 28.2474
Centroid 1 = I, 0.307042, 0.283503, 0.111239, 0.0701581, 0.0676106, 0.0590466, 0.0822485, 0.158283
	Members of Cluster (71): 4 25 31 32 37 40 54 55 60 63 65 67 72 75 78 79 81 82 91 92 104 106 110 114 125 128 129 136 138 147 153 160 168 169 183 188 200 206 214 242 248 255 263 272 273 287 309 310 311 316 355 358 364 391 392 395 396 406 423 425 426 437 443 448 465 469 474 486 489 493 499 
	Cluster 1 SSE = 3.20625
Centroid 2 = M, 0.41825, 0.402228, 0.15625, 0.134505, 0.120331, 0.122373, 0.160556, 0.25
	Members of Cluster (32): 7 11 13 35 47 109 112 120 157 176 177 203 210 271 274 305 314 315 321 335 339 347 351 356 362 368 404 431 453 459 485 495 
	Cluster 2 SSE = 2.08184
Centroid 3 = M, 0.852952, 0.849442, 0.335439, 0.659793, 0.609423, 0.589701, 0.686479, 0.408163
	Members of Cluster (63): 8 12 36 42 45 49 57 70 84 85 97 121 131 132 140 142 164 172 179 209 217 218 227 228 236 237 239 241 244 247 252 261 269 280 306 322 323 342 350 375 379 381 384 388 390 407 413 414 417 418 419 420 438 439 449 450 455 460 462 470 471 476 497 
	Cluster 3 SSE = 6.27263
Centroid 4 = I, 0.603556, 0.585014, 0.214034, 0.252499, 0.23371, 0.219793, 0.284179, 0.292769
	Members of Cluster (81): 3 9 20 26 33 34 50 52 62 76 77 90 94 99 100 103 113 115 116 118 124 126 135 137 146 152 163 165 167 170 187 193 194 202 205 216 231 232 234 238 253 259 278 288 292 296 302 313 326 331 332 338 346 348 352 353 354 359 363 366 377 382 383 385 387 398 403 405 410 416 429 433 435 451 454 456 457 467 483 490 494 
	Cluster 4 SSE = 4.96816
Centroid 5 = M, 0.695264, 0.688517, 0.261201, 0.39303, 0.349437, 0.356589, 0.427733, 0.38971
	Members of Cluster (87): 0 6 15 22 23 24 27 28 29 30 41 44 53 66 69 74 89 95 101 102 105 111 117 123 130 134 139 143 145 148 154 155 171 173 174 175 178 182 186 190 195 198 207 211 212 215 220 223 246 267 279 282 290 291 297 307 308 312 327 341 349 357 369 372 373 374 376 380 389 394 397 399 408 424 427 436 442 444 463 472 475 477 482 484 491 492 496 
	Cluster 5 SSE = 5.53295
Total SSE (sum squared-distance of each row with its centroid) = 50.3093
Davies-Bouldin Index: 0.374193
------------------------------------------------------------
Assigning each row to the cluster of the nearest centroid...
------------------------------------------------------------
There are 6 clusters
Recomputing the centroids for each cluster...
Centroid 0 = F, 0.720337, 0.716987, 0.266966, 0.438693, 0.386898, 0.406088, 0.475525, 0.385829
	Members of Cluster (166): 1 2 5 10 14 16 17 18 19 21 38 39 43 46 48 51 56 58 59 61 64 68 71 73 80 83 86 87 88 93 96 98 107 108 119 122 127 133 141 144 149 150 151 156 158 159 161 162 166 180 181 184 185 189 191 192 196 197 199 201 204 208 213 219 221 222 224 225 226 229 230 233 235 240 243 245 249 250 251 254 256 257 258 260 262 264 265 266 268 270 275 276 277 281 283 284 285 286 289 293 294 295 298 299 300 301 303 304 317 318 319 320 324 325 328 329 330 333 334 336 337 340 343 344 345 360 361 365 367 370 371 378 386 393 400 401 402 409 411 412 415 421 422 428 430 432 434 440 441 445 446 447 452 458 461 464 466 468 473 478 479 480 481 487 488 498 
	Cluster 0 SSE = 28.2474
Centroid 1 = I, 0.307042, 0.283503, 0.111239, 0.0701581, 0.0676106, 0.0590466, 0.0822485, 0.158283
	Members of Cluster (71): 4 25 31 32 37 40 54 55 60 63 65 67 72 75 78 79 81 82 91 92 104 106 110 114 125 128 129 136 138 147 153 160 168 169 183 188 200 206 214 242 248 255 263 272 273 287 309 310 311 316 355 358 364 391 392 395 396 406 423 425 426 437 443 448 465 469 474 486 489 493 499 
	Cluster 1 SSE = 3.20625
Centroid 2 = M, 0.428, 0.412347, 0.160264, 0.140917, 0.125112, 0.126355, 0.16801, 0.264706
	Members of Cluster (34): 7 11 13 35 47 109 112 120 157 176 177 203 210 267 271 274 305 312 314 315 321 335 339 347 351 356 362 368 404 431 453 459 485 495 
	Cluster 2 SSE = 2.40143
Centroid 3 = M, 0.856407, 0.853499, 0.338983, 0.669729, 0.618381, 0.597162, 0.69721, 0.412429
	Members of Cluster (59): 12 36 42 49 57 70 84 85 97 121 131 132 140 142 164 172 179 209 217 218 227 228 236 237 239 241 244 247 252 269 280 306 322 323 342 350 375 379 381 384 388 390 407 413 414 417 418 419 420 438 439 450 455 460 462 470 471 476 497 
	Cluster 3 SSE = 5.846
Centroid 4 = I, 0.603556, 0.585014, 0.214034, 0.252499, 0.23371, 0.219793, 0.284179, 0.292769
	Members of Cluster (81): 3 9 20 26 33 34 50 52 62 76 77 90 94 99 100 103 113 115 116 118 124 126 135 137 146 152 163 165 167 170 187 193 194 202 205 216 231 232 234 238 253 259 278 288 292 296 302 313 326 331 332 338 346 348 352 353 354 359 363 366 377 382 383 385 387 398 403 405 410 416 429 433 435 451 454 456 457 467 483 490 494 
	Cluster 4 SSE = 4.96816
Centroid 5 = M, 0.702562, 0.695628, 0.263013, 0.401793, 0.358505, 0.365862, 0.435405, 0.385233
	Members of Cluster (89): 0 6 8 15 22 23 24 27 28 29 30 41 44 45 53 66 69 74 89 95 101 102 105 111 117 123 130 134 139 143 145 148 154 155 171 173 174 175 178 182 186 190 195 198 207 211 212 215 220 223 246 261 279 282 290 291 297 307 308 327 341 349 357 369 372 373 374 376 380 389 394 397 399 408 424 427 436 442 444 449 463 472 475 477 482 484 491 492 496 
	Cluster 5 SSE = 5.58831
Total SSE (sum squared-distance of each row with its centroid) = 50.2576
Davies-Bouldin Index: 0.374772
------------------------------------------------------------
Assigning each row to the cluster of the nearest centroid...
------------------------------------------------------------
There are 6 clusters
Recomputing the centroids for each cluster...
Centroid 0 = F, 0.720337, 0.716987, 0.266966, 0.438693, 0.386898, 0.406088, 0.475525, 0.385829
	Members of Cluster (166): 1 2 5 10 14 16 17 18 19 21 38 39 43 46 48 51 56 58 59 61 64 68 71 73 80 83 86 87 88 93 96 98 107 108 119 122 127 133 141 144 149 150 151 156 158 159 161 162 166 180 181 184 185 189 191 192 196 197 199 201 204 208 213 219 221 222 224 225 226 229 230 233 235 240 243 245 249 250 251 254 256 257 258 260 262 264 265 266 268 270 275 276 277 281 283 284 285 286 289 293 294 295 298 299 300 301 303 304 317 318 319 320 324 325 328 329 330 333 334 336 337 340 343 344 345 360 361 365 367 370 371 378 386 393 400 401 402 409 411 412 415 421 422 428 430 432 434 440 441 445 446 447 452 458 461 464 466 468 473 478 479 480 481 487 488 498 
	Cluster 0 SSE = 28.2474
Centroid 1 = I, 0.307042, 0.283503, 0.111239, 0.0701581, 0.0676106, 0.0590466, 0.0822485, 0.158283
	Members of Cluster (71): 4 25 31 32 37 40 54 55 60 63 65 67 72 75 78 79 81 82 91 92 104 106 110 114 125 128 129 136 138 147 153 160 168 169 183 188 200 206 214 242 248 255 263 272 273 287 309 310 311 316 355 358 364 391 392 395 396 406 423 425 426 437 443 448 465 469 474 486 489 493 499 
	Cluster 1 SSE = 3.20625
Centroid 2 = M, 0.436, 0.420792, 0.164966, 0.147361, 0.130273, 0.132454, 0.174635, 0.269841
	Members of Cluster (36): 7 11 13 35 47 109 112 120 157 176 177 203 210 212 267 271 274 305 312 314 315 321 335 339 347 351 356 362 368 404 431 453 459 485 495 496 
	Cluster 2 SSE = 2.67351
Centroid 3 = M, 0.862667, 0.858086, 0.341459, 0.683634, 0.6309, 0.609256, 0.709508, 0.415344
	Members of Cluster (54): 12 36 42 49 70 84 85 97 131 132 140 142 179 209 217 218 227 228 236 237 239 241 244 247 252 269 280 306 322 323 342 350 375 381 384 388 390 407 413 414 417 418 419 420 438 439 450 455 460 462 470 471 476 497 
	Cluster 3 SSE = 5.30634
Centroid 4 = I, 0.603556, 0.585014, 0.214034, 0.252499, 0.23371, 0.219793, 0.284179, 0.292769
	Members of Cluster (81): 3 9 20 26 33 34 50 52 62 76 77 90 94 99 100 103 113 115 116 118 124 126 135 137 146 152 163 165 167 170 187 193 194 202 205 216 231 232 234 238 253 259 278 288 292 296 302 313 326 331 332 338 346 348 352 353 354 359 363 366 377 382 383 385 387 398 403 405 410 416 429 433 435 451 454 456 457 467 483 490 494 
	Cluster 4 SSE = 4.96816
Centroid 5 = M, 0.710087, 0.704369, 0.266083, 0.411342, 0.368335, 0.374154, 0.445635, 0.385611
	Members of Cluster (92): 0 6 8 15 22 23 24 27 28 29 30 41 44 45 53 57 66 69 74 89 95 101 102 105 111 117 121 123 130 134 139 143 145 148 154 155 164 171 172 173 174 175 178 182 186 190 195 198 207 211 215 220 223 246 261 279 282 290 291 297 307 308 327 341 349 357 369 372 373 374 376 379 380 389 394 397 399 408 424 427 436 442 444 449 463 472 475 477 482 484 491 492 
	Cluster 5 SSE = 5.7122
Total SSE (sum squared-distance of each row with its centroid) = 50.1139
Davies-Bouldin Index: 0.370953
------------------------------------------------------------
Assigning each row to the cluster of the nearest centroid...
------------------------------------------------------------
There are 6 clusters
Recomputing the centroids for each cluster...
Centroid 0 = F, 0.720337, 0.716987, 0.266966, 0.438693, 0.386898, 0.406088, 0.475525, 0.385829
	Members of Cluster (166): 1 2 5 10 14 16 17 18 19 21 38 39 43 46 48 51 56 58 59 61 64 68 71 73 80 83 86 87 88 93 96 98 107 108 119 122 127 133 141 144 149 150 151 156 158 159 161 162 166 180 181 184 185 189 191 192 196 197 199 201 204 208 213 219 221 222 224 225 226 229 230 233 235 240 243 245 249 250 251 254 256 257 258 260 262 264 265 266 268 270 275 276 277 281 283 284 285 286 289 293 294 295 298 299 300 301 303 304 317 318 319 320 324 325 328 329 330 333 334 336 337 340 343 344 345 360 361 365 367 370 371 378 386 393 400 401 402 409 411 412 415 421 422 428 430 432 434 440 441 445 446 447 452 458 461 464 466 468 473 478 479 480 481 487 488 498 
	Cluster 0 SSE = 28.2474
Centroid 1 = I, 0.307042, 0.283503, 0.111239, 0.0701581, 0.0676106, 0.0590466, 0.0822485, 0.158283
	Members of Cluster (71): 4 25 31 32 37 40 54 55 60 63 65 67 72 75 78 79 81 82 91 92 104 106 110 114 125 128 129 136 138 147 153 160 168 169 183 188 200 206 214 242 248 255 263 272 273 287 309 310 311 316 355 358 364 391 392 395 396 406 423 425 426 437 443 448 465 469 474 486 489 493 499 
	Cluster 1 SSE = 3.20625
Centroid 2 = M, 0.449641, 0.43412, 0.169021, 0.15569, 0.13925, 0.139718, 0.180975, 0.272283
	Members of Cluster (39): 7 11 13 35 41 47 109 112 120 157 176 177 203 210 212 267 271 274 305 312 314 315 321 335 339 347 351 356 362 368 404 431 453 459 477 485 491 495 496 
	Cluster 2 SSE = 3.00643
Centroid 3 = M, 0.863849, 0.858958, 0.342511, 0.686588, 0.635426, 0.611621, 0.710656, 0.413297
	Members of Cluster (53): 12 36 42 49 70 84 85 97 131 132 140 142 179 209 217 218 227 228 236 237 239 241 244 247 269 280 306 322 323 342 350 375 381 384 388 390 407 413 414 417 418 419 420 438 439 450 455 460 462 470 471 476 497 
	Cluster 3 SSE = 5.18163
Centroid 4 = I, 0.603556, 0.585014, 0.214034, 0.252499, 0.23371, 0.219793, 0.284179, 0.292769
	Members of Cluster (81): 3 9 20 26 33 34 50 52 62 76 77 90 94 99 100 103 113 115 116 118 124 126 135 137 146 152 163 165 167 170 187 193 194 202 205 216 231 232 234 238 253 259 278 288 292 296 302 313 326 331 332 338 346 348 352 353 354 359 363 366 377 382 383 385 387 398 403 405 410 416 429 433 435 451 454 456 457 467 483 490 494 
	Cluster 4 SSE = 4.96816
Centroid 5 = M, 0.714311, 0.709241, 0.267914, 0.417819, 0.372632, 0.380282, 0.454177, 0.389947
	Members of Cluster (90): 0 6 8 15 22 23 24 27 28 29 30 44 45 53 57 66 69 74 89 95 101 102 105 111 117 121 123 130 134 139 143 145 148 154 155 164 171 172 173 174 175 178 182 186 190 195 198 207 211 215 220 223 246 252 261 279 282 290 291 297 307 308 327 341 349 357 369 372 373 374 376 379 380 389 394 397 399 408 424 427 436 442 444 449 463 472 475 482 484 492 
	Cluster 5 SSE = 5.37742
Total SSE (sum squared-distance of each row with its centroid) = 49.9873
Davies-Bouldin Index: 0.374604
------------------------------------------------------------
Assigning each row to the cluster of the nearest centroid...
------------------------------------------------------------
There are 6 clusters
Recomputing the centroids for each cluster...
Centroid 0 = F, 0.720337, 0.716987, 0.266966, 0.438693, 0.386898, 0.406088, 0.475525, 0.385829
	Members of Cluster (166): 1 2 5 10 14 16 17 18 19 21 38 39 43 46 48 51 56 58 59 61 64 68 71 73 80 83 86 87 88 93 96 98 107 108 119 122 127 133 141 144 149 150 151 156 158 159 161 162 166 180 181 184 185 189 191 192 196 197 199 201 204 208 213 219 221 222 224 225 226 229 230 233 235 240 243 245 249 250 251 254 256 257 258 260 262 264 265 266 268 270 275 276 277 281 283 284 285 286 289 293 294 295 298 299 300 301 303 304 317 318 319 320 324 325 328 329 330 333 334 336 337 340 343 344 345 360 361 365 367 370 371 378 386 393 400 401 402 409 411 412 415 421 422 428 430 432 434 440 441 445 446 447 452 458 461 464 466 468 473 478 479 480 481 487 488 498 
	Cluster 0 SSE = 28.2474
Centroid 1 = I, 0.307042, 0.283503, 0.111239, 0.0701581, 0.0676106, 0.0590466, 0.0822485, 0.158283
	Members of Cluster (71): 4 25 31 32 37 40 54 55 60 63 65 67 72 75 78 79 81 82 91 92 104 106 110 114 125 128 129 136 138 147 153 160 168 169 183 188 200 206 214 242 248 255 263 272 273 287 309 310 311 316 355 358 364 391 392 395 396 406 423 425 426 437 443 448 465 469 474 486 489 493 499 
	Cluster 1 SSE = 3.20625
Centroid 2 = M, 0.466545, 0.45162, 0.174629, 0.169599, 0.151257, 0.153785, 0.192239, 0.270563
	Members of Cluster (44): 7 11 13 35 41 47 74 109 112 120 145 157 176 177 203 210 212 267 271 274 305 312 314 315 321 335 339 341 347 351 356 362 368 404 431 442 453 459 477 484 485 491 495 496 
	Cluster 2 SSE = 3.49381
Centroid 3 = M, 0.863849, 0.858958, 0.342511, 0.686588, 0.635426, 0.611621, 0.710656, 0.413297
	Members of Cluster (53): 12 36 42 49 70 84 85 97 131 132 140 142 179 209 217 218 227 228 236 237 239 241 244 247 269 280 306 322 323 342 350 375 381 384 388 390 407 413 414 417 418 419 420 438 439 450 455 460 462 470 471 476 497 
	Cluster 3 SSE = 5.18163
Centroid 4 = I, 0.603556, 0.585014, 0.214034, 0.252499, 0.23371, 0.219793, 0.284179, 0.292769
	Members of Cluster (81): 3 9 20 26 33 34 50 52 62 76 77 90 94 99 100 103 113 115 116 118 124 126 135 137 146 152 163 165 167 170 187 193 194 202 205 216 231 232 234 238 253 259 278 288 292 296 302 313 326 331 332 338 346 348 352 353 354 359 363 366 377 382 383 385 387 398 403 405 410 416 429 433 435 451 454 456 457 467 483 490 494 
	Cluster 4 SSE = 4.96816
Centroid 5 = M, 0.721129, 0.716366, 0.270828, 0.426038, 0.380145, 0.387151, 0.464417, 0.397759
	Members of Cluster (85): 0 6 8 15 22 23 24 27 28 29 30 44 45 53 57 66 69 89 95 101 102 105 111 117 121 123 130 134 139 143 148 154 155 164 171 172 173 174 175 178 182 186 190 195 198 207 211 215 220 223 246 252 261 279 282 290 291 297 307 308 327 349 357 369 372 373 374 376 379 380 389 394 397 399 408 424 427 436 444 449 463 472 475 482 492 
	Cluster 5 SSE = 4.65482
Total SSE (sum squared-distance of each row with its centroid) = 49.7521
Davies-Bouldin Index: 0.38208
------------------------------------------------------------
Assigning each row to the cluster of the nearest centroid...
------------------------------------------------------------
There are 6 clusters
Recomputing the centroids for each cluster...
Centroid 0 = F, 0.720337, 0.716987, 0.266966, 0.438693, 0.386898, 0.406088, 0.475525, 0.385829
	Members of Cluster (166): 1 2 5 10 14 16 17 18 19 21 38 39 43 46 48 51 56 58 59 61 64 68 71 73 80 83 86 87 88 93 96 98 107 108 119 122 127 133 141 144 149 150 151 156 158 159 161 162 166 180 181 184 185 189 191 192 196 197 199 201 204 208 213 219 221 222 224 225 226 229 230 233 235 240 243 245 249 250 251 254 256 257 258 260 262 264 265 266 268 270 275 276 277 281 283 284 285 286 289 293 294 295 298 299 300 301 303 304 317 318 319 320 324 325 328 329 330 333 334 336 337 340 343 344 345 360 361 365 367 370 371 378 386 393 400 401 402 409 411 412 415 421 422 428 430 432 434 440 441 445 446 447 452 458 461 464 466 468 473 478 479 480 481 487 488 498 
	Cluster 0 SSE = 28.2474
Centroid 1 = I, 0.307042, 0.283503, 0.111239, 0.0701581, 0.0676106, 0.0590466, 0.0822485, 0.158283
	Members of Cluster (71): 4 25 31 32 37 40 54 55 60 63 65 67 72 75 78 79 81 82 91 92 104 106 110 114 125 128 129 136 138 147 153 160 168 169 183 188 200 206 214 242 248 255 263 272 273 287 309 310 311 316 355 358 364 391 392 395 396 406 423 425 426 437 443 448 465 469 474 486 489 493 499 
	Cluster 1 SSE = 3.20625
Centroid 2 = M, 0.469156, 0.454345, 0.175737, 0.172378, 0.151896, 0.155635, 0.197224, 0.274074
	Members of Cluster (45): 7 11 13 15 35 41 47 74 109 112 120 145 157 176 177 203 210 212 267 271 274 305 312 314 315 321 335 339 341 347 351 356 362 368 404 431 442 453 459 477 484 485 491 495 496 
	Cluster 2 SSE = 3.62094
Centroid 3 = M, 0.86576, 0.862376, 0.345306, 0.695511, 0.641835, 0.621914, 0.717035, 0.417143
	Members of Cluster (50): 12 36 42 49 70 84 85 97 131 132 140 142 179 209 217 218 227 228 236 237 239 241 244 247 269 280 306 322 323 342 375 381 384 388 390 407 413 414 417 419 420 438 439 455 460 462 470 471 476 497 
	Cluster 3 SSE = 4.8993
Centroid 4 = I, 0.603556, 0.585014, 0.214034, 0.252499, 0.23371, 0.219793, 0.284179, 0.292769
	Members of Cluster (81): 3 9 20 26 33 34 50 52 62 76 77 90 94 99 100 103 113 115 116 118 124 126 135 137 146 152 163 165 167 170 187 193 194 202 205 216 231 232 234 238 253 259 278 288 292 296 302 313 326 331 332 338 346 348 352 353 354 359 363 366 377 382 383 385 387 398 403 405 410 416 429 433 435 451 454 456 457 467 483 490 494 
	Cluster 4 SSE = 4.96816
Centroid 5 = M, 0.726529, 0.720951, 0.272226, 0.431404, 0.387566, 0.390702, 0.469792, 0.395731
	Members of Cluster (87): 0 6 8 22 23 24 27 28 29 30 44 45 53 57 66 69 89 95 101 102 105 111 117 121 123 130 134 139 143 148 154 155 164 171 172 173 174 175 178 182 186 190 195 198 207 211 215 220 223 246 252 261 279 282 290 291 297 307 308 327 349 350 357 369 372 373 374 376 379 380 389 394 397 399 408 418 424 427 436 444 449 450 463 472 475 482 492 
	Cluster 5 SSE = 4.76607
Total SSE (sum squared-distance of each row with its centroid) = 49.7081
Davies-Bouldin Index: 0.379403
------------------------------------------------------------
Assigning each row to the cluster of the nearest centroid...
------------------------------------------------------------
There are 6 clusters
Recomputing the centroids for each cluster...
Centroid 0 = F, 0.720337, 0.716987, 0.266966, 0.438693, 0.386898, 0.406088, 0.475525, 0.385829
	Members of Cluster (166): 1 2 5 10 14 16 17 18 19 21 38 39 43 46 48 51 56 58 59 61 64 68 71 73 80 83 86 87 88 93 96 98 107 108 119 122 127 133 141 144 149 150 151 156 158 159 161 162 166 180 181 184 185 189 191 192 196 197 199 201 204 208 213 219 221 222 224 225 226 229 230 233 235 240 243 245 249 250 251 254 256 257 258 260 262 264 265 266 268 270 275 276 277 281 283 284 285 286 289 293 294 295 298 299 300 301 303 304 317 318 319 320 324 325 328 329 330 333 334 336 337 340 343 344 345 360 361 365 367 370 371 378 386 393 400 401 402 409 411 412 415 421 422 428 430 432 434 440 441 445 446 447 452 458 461 464 466 468 473 478 479 480 481 487 488 498 
	Cluster 0 SSE = 28.2474
Centroid 1 = I, 0.307042, 0.283503, 0.111239, 0.0701581, 0.0676106, 0.0590466, 0.0822485, 0.158283
	Members of Cluster (71): 4 25 31 32 37 40 54 55 60 63 65 67 72 75 78 79 81 82 91 92 104 106 110 114 125 128 129 136 138 147 153 160 168 169 183 188 200 206 214 242 248 255 263 272 273 287 309 310 311 316 355 358 364 391 392 395 396 406 423 425 426 437 443 448 465 469 474 486 489 493 499 
	Cluster 1 SSE = 3.20625
Centroid 2 = M, 0.469156, 0.454345, 0.175737, 0.172378, 0.151896, 0.155635, 0.197224, 0.274074
	Members of Cluster (45): 7 11 13 15 35 41 47 74 109 112 120 145 157 176 177 203 210 212 267 271 274 305 312 314 315 321 335 339 341 347 351 356 362 368 404 431 442 453 459 477 484 485 491 495 496 
	Cluster 2 SSE = 3.62094
Centroid 3 = M, 0.86576, 0.862376, 0.345306, 0.695511, 0.641835, 0.621914, 0.717035, 0.417143
	Members of Cluster (50): 12 36 42 49 70 84 85 97 131 132 140 142 179 209 217 218 227 228 236 237 239 241 244 247 269 280 306 322 323 342 375 381 384 388 390 407 413 414 417 419 420 438 439 455 460 462 470 471 476 497 
	Cluster 3 SSE = 4.8993
Centroid 4 = I, 0.603556, 0.585014, 0.214034, 0.252499, 0.23371, 0.219793, 0.284179, 0.292769
	Members of Cluster (81): 3 9 20 26 33 34 50 52 62 76 77 90 94 99 100 103 113 115 116 118 124 126 135 137 146 152 163 165 167 170 187 193 194 202 205 216 231 232 234 238 253 259 278 288 292 296 302 313 326 331 332 338 346 348 352 353 354 359 363 366 377 382 383 385 387 398 403 405 410 416 429 433 435 451 454 456 457 467 483 490 494 
	Cluster 4 SSE = 4.96816
Centroid 5 = M, 0.726529, 0.720951, 0.272226, 0.431404, 0.387566, 0.390702, 0.469792, 0.395731
	Members of Cluster (87): 0 6 8 22 23 24 27 28 29 30 44 45 53 57 66 69 89 95 101 102 105 111 117 121 123 130 134 139 143 148 154 155 164 171 172 173 174 175 178 182 186 190 195 198 207 211 215 220 223 246 252 261 279 282 290 291 297 307 308 327 349 350 357 369 372 373 374 376 379 380 389 394 397 399 408 418 424 427 436 444 449 450 463 472 475 482 492 
	Cluster 5 SSE = 4.76607
Total SSE (sum squared-distance of each row with its centroid) = 49.7081
Davies-Bouldin Index: 0.379403
------------------------------------------------------------
Assigning each row to the cluster of the nearest centroid...
------------------------------------------------------------
There are 6 clusters
Recomputing the centroids for each cluster...
Centroid 0 = F, 0.720337, 0.716987, 0.266966, 0.438693, 0.386898, 0.406088, 0.475525, 0.385829
	Members of Cluster (166): 1 2 5 10 14 16 17 18 19 21 38 39 43 46 48 51 56 58 59 61 64 68 71 73 80 83 86 87 88 93 96 98 107 108 119 122 127 133 141 144 149 150 151 156 158 159 161 162 166 180 181 184 185 189 191 192 196 197 199 201 204 208 213 219 221 222 224 225 226 229 230 233 235 240 243 245 249 250 251 254 256 257 258 260 262 264 265 266 268 270 275 276 277 281 283 284 285 286 289 293 294 295 298 299 300 301 303 304 317 318 319 320 324 325 328 329 330 333 334 336 337 340 343 344 345 360 361 365 367 370 371 378 386 393 400 401 402 409 411 412 415 421 422 428 430 432 434 440 441 445 446 447 452 458 461 464 466 468 473 478 479 480 481 487 488 498 
	Cluster 0 SSE = 28.2474
Centroid 1 = I, 0.307042, 0.283503, 0.111239, 0.0701581, 0.0676106, 0.0590466, 0.0822485, 0.158283
	Members of Cluster (71): 4 25 31 32 37 40 54 55 60 63 65 67 72 75 78 79 81 82 91 92 104 106 110 114 125 128 129 136 138 147 153 160 168 169 183 188 200 206 214 242 248 255 263 272 273 287 309 310 311 316 355 358 364 391 392 395 396 406 423 425 426 437 443 448 465 469 474 486 489 493 499 
	Cluster 1 SSE = 3.20625
Centroid 2 = M, 0.469156, 0.454345, 0.175737, 0.172378, 0.151896, 0.155635, 0.197224, 0.274074
	Members of Cluster (45): 7 11 13 15 35 41 47 74 109 112 120 145 157 176 177 203 210 212 267 271 274 305 312 314 315 321 335 339 341 347 351 356 362 368 404 431 442 453 459 477 484 485 491 495 496 
	Cluster 2 SSE = 3.62094
Centroid 3 = M, 0.86576, 0.862376, 0.345306, 0.695511, 0.641835, 0.621914, 0.717035, 0.417143
	Members of Cluster (50): 12 36 42 49 70 84 85 97 131 132 140 142 179 209 217 218 227 228 236 237 239 241 244 247 269 280 306 322 323 342 375 381 384 388 390 407 413 414 417 419 420 438 439 455 460 462 470 471 476 497 
	Cluster 3 SSE = 4.8993
Centroid 4 = I, 0.603556, 0.585014, 0.214034, 0.252499, 0.23371, 0.219793, 0.284179, 0.292769
	Members of Cluster (81): 3 9 20 26 33 34 50 52 62 76 77 90 94 99 100 103 113 115 116 118 124 126 135 137 146 152 163 165 167 170 187 193 194 202 205 216 231 232 234 238 253 259 278 288 292 296 302 313 326 331 332 338 346 348 352 353 354 359 363 366 377 382 383 385 387 398 403 405 410 416 429 433 435 451 454 456 457 467 483 490 494 
	Cluster 4 SSE = 4.96816
Centroid 5 = M, 0.726529, 0.720951, 0.272226, 0.431404, 0.387566, 0.390702, 0.469792, 0.395731
	Members of Cluster (87): 0 6 8 22 23 24 27 28 29 30 44 45 53 57 66 69 89 95 101 102 105 111 117 121 123 130 134 139 143 148 154 155 164 171 172 173 174 175 178 182 186 190 195 198 207 211 215 220 223 246 252 261 279 282 290 291 297 307 308 327 349 350 357 369 372 373 374 376 379 380 389 394 397 399 408 418 424 427 436 444 449 450 463 472 475 482 492 
	Cluster 5 SSE = 4.76607
Total SSE (sum squared-distance of each row with its centroid) = 49.7081
Davies-Bouldin Index: 0.379403
------------------------------------------------------------
Assigning each row to the cluster of the nearest centroid...
------------------------------------------------------------
There are 6 clusters
Recomputing the centroids for each cluster...
Centroid 0 = F, 0.720337, 0.716987, 0.266966, 0.438693, 0.386898, 0.406088, 0.475525, 0.385829
	Members of Cluster (166): 1 2 5 10 14 16 17 18 19 21 38 39 43 46 48 51 56 58 59 61 64 68 71 73 80 83 86 87 88 93 96 98 107 108 119 122 127 133 141 144 149 150 151 156 158 159 161 162 166 180 181 184 185 189 191 192 196 197 199 201 204 208 213 219 221 222 224 225 226 229 230 233 235 240 243 245 249 250 251 254 256 257 258 260 262 264 265 266 268 270 275 276 277 281 283 284 285 286 289 293 294 295 298 299 300 301 303 304 317 318 319 320 324 325 328 329 330 333 334 336 337 340 343 344 345 360 361 365 367 370 371 378 386 393 400 401 402 409 411 412 415 421 422 428 430 432 434 440 441 445 446 447 452 458 461 464 466 468 473 478 479 480 481 487 488 498 
	Cluster 0 SSE = 28.2474
Centroid 1 = I, 0.307042, 0.283503, 0.111239, 0.0701581, 0.0676106, 0.0590466, 0.0822485, 0.158283
	Members of Cluster (71): 4 25 31 32 37 40 54 55 60 63 65 67 72 75 78 79 81 82 91 92 104 106 110 114 125 128 129 136 138 147 153 160 168 169 183 188 200 206 214 242 248 255 263 272 273 287 309 310 311 316 355 358 364 391 392 395 396 406 423 425 426 437 443 448 465 469 474 486 489 493 499 
	Cluster 1 SSE = 3.20625
Centroid 2 = M, 0.469156, 0.454345, 0.175737, 0.172378, 0.151896, 0.155635, 0.197224, 0.274074
	Members of Cluster (45): 7 11 13 15 35 41 47 74 109 112 120 145 157 176 177 203 210 212 267 271 274 305 312 314 315 321 335 339 341 347 351 356 362 368 404 431 442 453 459 477 484 485 491 495 496 
	Cluster 2 SSE = 3.62094
Centroid 3 = M, 0.86576, 0.862376, 0.345306, 0.695511, 0.641835, 0.621914, 0.717035, 0.417143
	Members of Cluster (50): 12 36 42 49 70 84 85 97 131 132 140 142 179 209 217 218 227 228 236 237 239 241 244 247 269 280 306 322 323 342 375 381 384 388 390 407 413 414 417 419 420 438 439 455 460 462 470 471 476 497 
	Cluster 3 SSE = 4.8993
Centroid 4 = I, 0.603556, 0.585014, 0.214034, 0.252499, 0.23371, 0.219793, 0.284179, 0.292769
	Members of Cluster (81): 3 9 20 26 33 34 50 52 62 76 77 90 94 99 100 103 113 115 116 118 124 126 135 137 146 152 163 165 167 170 187 193 194 202 205 216 231 232 234 238 253 259 278 288 292 296 302 313 326 331 332 338 346 348 352 353 354 359 363 366 377 382 383 385 387 398 403 405 410 416 429 433 435 451 454 456 457 467 483 490 494 
	Cluster 4 SSE = 4.96816
Centroid 5 = M, 0.726529, 0.720951, 0.272226, 0.431404, 0.387566, 0.390702, 0.469792, 0.395731
	Members of Cluster (87): 0 6 8 22 23 24 27 28 29 30 44 45 53 57 66 69 89 95 101 102 105 111 117 121 123 130 134 139 143 148 154 155 164 171 172 173 174 175 178 182 186 190 195 198 207 211 215 220 223 246 252 261 279 282 290 291 297 307 308 327 349 350 357 369 372 373 374 376 379 380 389 394 397 399 408 418 424 427 436 444 449 450 463 472 475 482 492 
	Cluster 5 SSE = 4.76607
Total SSE (sum squared-distance of each row with its centroid) = 49.7081
Davies-Bouldin Index: 0.379403
Convergence is detected because the sum squared-distance did not improve, and more than 3 iterations were performed
