Dataset name: ../data/abalone500.arff
Number of instances (rows): 500
Number of attributes (cols): 9
Learning algorithm: clustering
Evaluation method: training
Running k-means...
Centroid 0 = F, 0.768, 0.782178, 0.295918, 0.492301, 0.489734, 0.41771, 0.469782, 0.571429
Centroid 1 = I, 0.512, 0.524752, 0.204082, 0.185404, 0.162516, 0.145796, 0.228042, 0.428571
Centroid 2 = M, 0.768, 0.752475, 0.285714, 0.466357, 0.369594, 0.38551, 0.502015, 0.571429
Centroid 3 = I, 0.144, 0.128713, 0.0510204, 0.0162413, 0.0144168, 0.00894454, 0.0185334, 0.047619
Centroid 4 = M, 0.312, 0.287129, 0.102041, 0.0609576, 0.0371341, 0.0545617, 0.0910556, 0.285714
------------------------------------------------------------
Assigning each row to the cluster of the nearest centroid...
------------------------------------------------------------
There are 5 clusters
Recomputing the centroids for each cluster...
Centroid 0 = F, 0.720337, 0.716987, 0.266966, 0.438693, 0.386898, 0.406088, 0.475525, 0.385829
	Members of Cluster (166): 1 2 5 10 14 16 17 18 19 21 38 39 43 46 48 51 56 58 59 61 64 68 71 73 80 83 86 87 88 93 96 98 107 108 119 122 127 133 141 144 149 150 151 156 158 159 161 162 166 180 181 184 185 189 191 192 196 197 199 201 204 208 213 219 221 222 224 225 226 229 230 233 235 240 243 245 249 250 251 254 256 257 258 260 262 264 265 266 268 270 275 276 277 281 283 284 285 286 289 293 294 295 298 299 300 301 303 304 317 318 319 320 324 325 328 329 330 333 334 336 337 340 343 344 345 360 361 365 367 370 371 378 386 393 400 401 402 409 411 412 415 421 422 428 430 432 434 440 441 445 446 447 452 458 461 464 466 468 473 478 479 480 481 487 488 498 
	Cluster 0 SSE = 28.2474
Centroid 1 = I, 0.551357, 0.529173, 0.1957, 0.212248, 0.195555, 0.184385, 0.24033, 0.268282
	Members of Cluster (112): 3 4 9 20 26 31 33 34 50 52 60 62 75 76 77 78 90 91 92 94 99 100 103 104 110 113 115 116 118 124 125 126 128 135 136 137 146 152 160 163 165 167 168 170 187 188 193 194 200 202 205 214 216 231 232 234 238 253 255 259 272 273 278 287 288 292 296 302 309 310 313 326 331 332 338 346 348 352 353 354 355 358 359 363 364 366 377 382 383 385 387 391 398 403 405 406 410 416 429 433 435 437 451 454 456 457 467 469 483 490 493 494 
	Cluster 1 SSE = 9.04828
Centroid 2 = M, 0.757647, 0.751763, 0.291116, 0.499533, 0.45387, 0.449343, 0.531966, 0.395892
	Members of Cluster (153): 0 6 8 12 15 22 23 24 27 28 29 30 36 41 42 44 45 49 53 57 66 69 70 74 84 85 89 95 97 101 102 105 111 117 121 123 130 131 132 134 139 140 142 143 145 148 154 155 164 171 172 173 174 175 178 179 182 186 190 195 198 207 209 211 212 215 217 218 220 223 227 228 236 237 239 241 244 246 247 252 261 267 269 279 280 282 290 291 297 306 307 308 312 315 321 322 323 327 335 341 342 349 350 357 369 372 373 374 375 376 379 380 381 384 388 389 390 394 397 399 407 408 413 414 417 418 419 420 424 427 436 438 439 442 444 449 450 455 460 462 463 470 471 472 475 476 477 482 484 491 492 496 497 
	Cluster 2 SSE = 24.4672
Centroid 3 = I, 0.2234, 0.206188, 0.0829082, 0.0415471, 0.0457187, 0.0336091, 0.0485294, 0.122619
	Members of Cluster (40): 25 32 37 40 54 55 63 65 67 72 79 81 82 106 114 129 138 147 153 169 183 206 242 248 263 311 316 392 395 396 423 425 426 443 448 465 474 486 489 499 
	Cluster 3 SSE = 1.27866
Centroid 4 = M, 0.403034, 0.388529, 0.148839, 0.125385, 0.110453, 0.1152, 0.1451, 0.243021
	Members of Cluster (29): 7 11 13 35 47 109 112 120 157 176 177 203 210 271 274 305 314 339 347 351 356 362 368 404 431 453 459 485 495 
	Cluster 4 SSE = 1.73385
Total SSE (sum squared-distance of each row with its centroid) = 64.7755
Davies-Bouldin Index: 0.319368
------------------------------------------------------------
Assigning each row to the cluster of the nearest centroid...
------------------------------------------------------------
There are 5 clusters
Recomputing the centroids for each cluster...
Centroid 0 = F, 0.720337, 0.716987, 0.266966, 0.438693, 0.386898, 0.406088, 0.475525, 0.385829
	Members of Cluster (166): 1 2 5 10 14 16 17 18 19 21 38 39 43 46 48 51 56 58 59 61 64 68 71 73 80 83 86 87 88 93 96 98 107 108 119 122 127 133 141 144 149 150 151 156 158 159 161 162 166 180 181 184 185 189 191 192 196 197 199 201 204 208 213 219 221 222 224 225 226 229 230 233 235 240 243 245 249 250 251 254 256 257 258 260 262 264 265 266 268 270 275 276 277 281 283 284 285 286 289 293 294 295 298 299 300 301 303 304 317 318 319 320 324 325 328 329 330 333 334 336 337 340 343 344 345 360 361 365 367 370 371 378 386 393 400 401 402 409 411 412 415 421 422 428 430 432 434 440 441 445 446 447 452 458 461 464 466 468 473 478 479 480 481 487 488 498 
	Cluster 0 SSE = 28.2474
Centroid 1 = I, 0.577667, 0.558065, 0.204613, 0.231882, 0.213903, 0.202007, 0.261877, 0.278274
	Members of Cluster (96): 3 4 9 20 26 33 34 50 52 60 62 76 77 78 90 92 94 99 100 103 104 110 113 115 116 118 124 125 126 135 137 146 152 160 163 165 167 170 187 193 194 202 205 216 231 232 234 238 253 259 272 278 288 292 296 302 309 313 326 331 332 338 346 348 352 353 354 358 359 363 364 366 377 382 383 385 387 391 398 403 405 406 410 416 429 433 435 451 454 456 457 467 469 483 490 494 
	Cluster 1 SSE = 6.80558
Centroid 2 = M, 0.777343, 0.772566, 0.298898, 0.527794, 0.480365, 0.475086, 0.560026, 0.403545
	Members of Cluster (137): 0 6 8 12 22 23 24 27 28 29 30 36 42 44 45 49 53 57 66 69 70 84 85 89 95 97 101 102 105 111 117 121 123 130 131 132 134 139 140 142 143 148 154 155 164 171 172 173 174 175 178 179 182 186 190 195 198 207 209 211 215 217 218 220 223 227 228 236 237 239 241 244 246 247 252 261 269 279 280 282 290 291 297 306 307 308 322 323 327 342 349 350 357 369 372 373 374 375 376 379 380 381 384 388 389 390 394 397 399 407 408 413 414 417 418 419 420 424 427 436 438 439 444 449 450 455 460 462 463 470 471 472 475 476 482 492 497 
	Cluster 2 SSE = 19.0061
Centroid 3 = I, 0.272, 0.248939, 0.0998542, 0.05666, 0.0570742, 0.0464797, 0.0663923, 0.147109
	Members of Cluster (56): 25 31 32 37 40 54 55 63 65 67 72 75 79 81 82 91 106 114 128 129 136 138 147 153 168 169 183 188 200 206 214 242 248 255 263 273 287 310 311 316 355 392 395 396 423 425 426 437 443 448 465 474 486 489 493 499 
	Cluster 3 SSE = 2.19741
Centroid 4 = M, 0.469156, 0.454345, 0.175737, 0.172378, 0.151896, 0.155635, 0.197224, 0.274074
	Members of Cluster (45): 7 11 13 15 35 41 47 74 109 112 120 145 157 176 177 203 210 212 267 271 274 305 312 314 315 321 335 339 341 347 351 356 362 368 404 431 442 453 459 477 484 485 491 495 496 
	Cluster 4 SSE = 3.62094
Total SSE (sum squared-distance of each row with its centroid) = 59.8775
Davies-Bouldin Index: 0.327383
------------------------------------------------------------
Assigning each row to the cluster of the nearest centroid...
------------------------------------------------------------
There are 5 clusters
Recomputing the centroids for each cluster...
Centroid 0 = F, 0.720337, 0.716987, 0.266966, 0.438693, 0.386898, 0.406088, 0.475525, 0.385829
	Members of Cluster (166): 1 2 5 10 14 16 17 18 19 21 38 39 43 46 48 51 56 58 59 61 64 68 71 73 80 83 86 87 88 93 96 98 107 108 119 122 127 133 141 144 149 150 151 156 158 159 161 162 166 180 181 184 185 189 191 192 196 197 199 201 204 208 213 219 221 222 224 225 226 229 230 233 235 240 243 245 249 250 251 254 256 257 258 260 262 264 265 266 268 270 275 276 277 281 283 284 285 286 289 293 294 295 298 299 300 301 303 304 317 318 319 320 324 325 328 329 330 333 334 336 337 340 343 344 345 360 361 365 367 370 371 378 386 393 400 401 402 409 411 412 415 421 422 428 430 432 434 440 441 445 446 447 452 458 461 464 466 468 473 478 479 480 481 487 488 498 
	Cluster 0 SSE = 28.2474
Centroid 1 = I, 0.595163, 0.577251, 0.211082, 0.245206, 0.226168, 0.21391, 0.277083, 0.289037
	Members of Cluster (86): 3 4 9 20 26 33 34 50 52 60 62 76 77 78 90 94 99 100 103 113 115 116 118 124 125 126 135 137 146 152 163 165 167 170 187 193 194 202 205 216 231 232 234 238 253 259 278 288 292 296 302 313 326 331 332 338 346 348 352 353 354 359 363 364 366 377 382 383 385 387 398 403 405 410 416 429 433 435 451 454 456 457 467 483 490 494 
	Cluster 1 SSE = 5.47369
Centroid 2 = M, 0.784183, 0.779457, 0.301293, 0.53713, 0.489683, 0.484426, 0.568318, 0.402036
	Members of Cluster (131): 0 6 8 12 22 23 24 28 29 30 36 42 44 45 49 53 57 66 70 84 85 89 97 101 102 105 111 117 121 123 130 131 132 134 139 140 142 143 155 164 171 172 173 174 175 178 179 182 186 190 195 198 207 209 211 215 217 218 220 223 227 228 236 237 239 241 244 246 247 252 261 269 279 280 282 290 297 306 307 308 322 323 327 342 349 350 357 369 372 373 374 375 376 379 380 381 384 388 389 390 394 397 399 407 408 413 414 417 418 419 420 424 427 436 438 439 444 449 450 455 460 462 463 470 471 472 475 476 482 492 497 
	Cluster 2 SSE = 17.2647
Centroid 3 = I, 0.295515, 0.270777, 0.107297, 0.0658473, 0.0648556, 0.0545346, 0.0761971, 0.152958
	Members of Cluster (66): 25 31 32 37 40 54 55 63 65 67 72 75 79 81 82 91 92 104 106 110 114 128 129 136 138 147 153 160 168 169 183 188 200 206 214 242 248 255 263 272 273 287 309 310 311 316 355 358 391 392 395 396 406 423 425 426 437 443 448 465 469 474 486 489 493 499 
	Cluster 3 SSE = 2.79072
Centroid 4 = M, 0.487843, 0.474083, 0.184074, 0.19021, 0.166602, 0.169227, 0.218609, 0.293184
	Members of Cluster (51): 7 11 13 15 27 35 41 47 69 74 95 109 112 120 145 148 154 157 176 177 203 210 212 267 271 274 291 305 312 314 315 321 335 339 341 347 351 356 362 368 404 431 442 453 459 477 484 485 491 495 496 
	Cluster 4 SSE = 4.96812
Total SSE (sum squared-distance of each row with its centroid) = 58.7447
Davies-Bouldin Index: 0.33389
------------------------------------------------------------
Assigning each row to the cluster of the nearest centroid...
------------------------------------------------------------
There are 5 clusters
Recomputing the centroids for each cluster...
Centroid 0 = F, 0.720337, 0.716987, 0.266966, 0.438693, 0.386898, 0.406088, 0.475525, 0.385829
	Members of Cluster (166): 1 2 5 10 14 16 17 18 19 21 38 39 43 46 48 51 56 58 59 61 64 68 71 73 80 83 86 87 88 93 96 98 107 108 119 122 127 133 141 144 149 150 151 156 158 159 161 162 166 180 181 184 185 189 191 192 196 197 199 201 204 208 213 219 221 222 224 225 226 229 230 233 235 240 243 245 249 250 251 254 256 257 258 260 262 264 265 266 268 270 275 276 277 281 283 284 285 286 289 293 294 295 298 299 300 301 303 304 317 318 319 320 324 325 328 329 330 333 334 336 337 340 343 344 345 360 361 365 367 370 371 378 386 393 400 401 402 409 411 412 415 421 422 428 430 432 434 440 441 445 446 447 452 458 461 464 466 468 473 478 479 480 481 487 488 498 
	Cluster 0 SSE = 28.2474
Centroid 1 = I, 0.598476, 0.580976, 0.211978, 0.248162, 0.229389, 0.215798, 0.28016, 0.289116
	Members of Cluster (84): 3 4 9 20 26 33 34 50 52 60 62 76 77 90 94 99 100 103 113 115 116 118 124 126 135 137 146 152 163 165 167 170 187 193 194 202 205 216 231 232 234 238 253 259 278 288 292 296 302 313 326 331 332 338 346 348 352 353 354 359 363 364 366 377 382 383 385 387 398 403 405 410 416 429 433 435 451 454 456 457 467 483 490 494 
	Cluster 1 SSE = 5.26424
Centroid 2 = M, 0.785292, 0.780731, 0.301648, 0.538598, 0.491118, 0.485647, 0.569603, 0.402564
	Members of Cluster (130): 0 6 8 12 22 23 24 28 29 30 36 42 44 45 49 53 57 66 70 84 85 89 97 101 102 105 111 117 121 123 130 131 132 134 139 140 142 155 164 171 172 173 174 175 178 179 182 186 190 195 198 207 209 211 215 217 218 220 223 227 228 236 237 239 241 244 246 247 252 261 269 279 280 282 290 297 306 307 308 322 323 327 342 349 350 357 369 372 373 374 375 376 379 380 381 384 388 389 390 394 397 399 407 408 413 414 417 418 419 420 424 427 436 438 439 444 449 450 455 460 462 463 470 471 472 475 476 482 492 497 
	Cluster 2 SSE = 17.0839
Centroid 3 = I, 0.300235, 0.275189, 0.109244, 0.0674715, 0.0656207, 0.0568899, 0.078305, 0.156863
	Members of Cluster (68): 25 31 32 37 40 54 55 63 65 67 72 75 78 79 81 82 91 92 104 106 110 114 125 128 129 136 138 147 153 160 168 169 183 188 200 206 214 242 248 255 263 272 273 287 309 310 311 316 355 358 391 392 395 396 406 423 425 426 437 443 448 465 469 474 486 489 493 499 
	Cluster 3 SSE = 2.95742
Centroid 4 = M, 0.490769, 0.476771, 0.18544, 0.193212, 0.169229, 0.172234, 0.222122, 0.293956
	Members of Cluster (52): 7 11 13 15 27 35 41 47 69 74 95 109 112 120 143 145 148 154 157 176 177 203 210 212 267 271 274 291 305 312 314 315 321 335 339 341 347 351 356 362 368 404 431 442 453 459 477 484 485 491 495 496 
	Cluster 4 SSE = 5.11543
Total SSE (sum squared-distance of each row with its centroid) = 58.6685
Davies-Bouldin Index: 0.335887
------------------------------------------------------------
Assigning each row to the cluster of the nearest centroid...
------------------------------------------------------------
There are 5 clusters
Recomputing the centroids for each cluster...
Centroid 0 = F, 0.720337, 0.716987, 0.266966, 0.438693, 0.386898, 0.406088, 0.475525, 0.385829
	Members of Cluster (166): 1 2 5 10 14 16 17 18 19 21 38 39 43 46 48 51 56 58 59 61 64 68 71 73 80 83 86 87 88 93 96 98 107 108 119 122 127 133 141 144 149 150 151 156 158 159 161 162 166 180 181 184 185 189 191 192 196 197 199 201 204 208 213 219 221 222 224 225 226 229 230 233 235 240 243 245 249 250 251 254 256 257 258 260 262 264 265 266 268 270 275 276 277 281 283 284 285 286 289 293 294 295 298 299 300 301 303 304 317 318 319 320 324 325 328 329 330 333 334 336 337 340 343 344 345 360 361 365 367 370 371 378 386 393 400 401 402 409 411 412 415 421 422 428 430 432 434 440 441 445 446 447 452 458 461 464 466 468 473 478 479 480 481 487 488 498 
	Cluster 0 SSE = 28.2474
Centroid 1 = I, 0.600289, 0.58225, 0.212565, 0.249525, 0.230726, 0.217126, 0.281565, 0.290304
	Members of Cluster (83): 3 4 9 20 26 33 34 50 52 60 62 76 77 90 94 99 100 103 113 115 116 118 124 126 135 137 146 152 163 165 167 170 187 193 194 202 205 216 231 232 234 238 253 259 278 288 292 296 302 313 326 331 332 338 346 348 352 353 354 359 363 366 377 382 383 385 387 398 403 405 410 416 429 433 435 451 454 456 457 467 483 490 494 
	Cluster 1 SSE = 5.16628
Centroid 2 = M, 0.786419, 0.781641, 0.302246, 0.539933, 0.493063, 0.486479, 0.570939, 0.403101
	Members of Cluster (129): 0 6 8 12 22 23 24 28 29 30 36 42 44 45 49 53 57 66 70 84 85 89 97 101 102 105 111 117 121 123 130 131 132 134 139 140 142 155 164 171 172 173 174 175 178 179 182 186 190 195 198 207 209 211 215 217 218 220 223 227 228 236 237 239 241 244 246 247 252 261 269 279 280 282 290 297 306 307 308 322 323 327 342 349 350 357 369 372 373 374 375 376 379 380 381 384 388 389 390 394 397 399 407 408 413 414 417 418 419 420 424 427 436 438 439 444 449 450 455 460 462 463 470 471 472 475 476 492 497 
	Cluster 2 SSE = 16.9031
Centroid 3 = I, 0.302377, 0.278089, 0.110027, 0.0684501, 0.0663855, 0.0575951, 0.0795408, 0.15735
	Members of Cluster (69): 25 31 32 37 40 54 55 63 65 67 72 75 78 79 81 82 91 92 104 106 110 114 125 128 129 136 138 147 153 160 168 169 183 188 200 206 214 242 248 255 263 272 273 287 309 310 311 316 355 358 364 391 392 395 396 406 423 425 426 437 443 448 465 469 474 486 489 493 499 
	Cluster 3 SSE = 3.0391
Centroid 4 = M, 0.493585, 0.480291, 0.186176, 0.19648, 0.17057, 0.176123, 0.225427, 0.294699
	Members of Cluster (53): 7 11 13 15 27 35 41 47 69 74 95 109 112 120 143 145 148 154 157 176 177 203 210 212 267 271 274 291 305 312 314 315 321 335 339 341 347 351 356 362 368 404 431 442 453 459 477 482 484 485 491 495 496 
	Cluster 4 SSE = 5.28061
Total SSE (sum squared-distance of each row with its centroid) = 58.6365
Davies-Bouldin Index: 0.338299
------------------------------------------------------------
Assigning each row to the cluster of the nearest centroid...
------------------------------------------------------------
There are 5 clusters
Recomputing the centroids for each cluster...
Centroid 0 = F, 0.720337, 0.716987, 0.266966, 0.438693, 0.386898, 0.406088, 0.475525, 0.385829
	Members of Cluster (166): 1 2 5 10 14 16 17 18 19 21 38 39 43 46 48 51 56 58 59 61 64 68 71 73 80 83 86 87 88 93 96 98 107 108 119 122 127 133 141 144 149 150 151 156 158 159 161 162 166 180 181 184 185 189 191 192 196 197 199 201 204 208 213 219 221 222 224 225 226 229 230 233 235 240 243 245 249 250 251 254 256 257 258 260 262 264 265 266 268 270 275 276 277 281 283 284 285 286 289 293 294 295 298 299 300 301 303 304 317 318 319 320 324 325 328 329 330 333 334 336 337 340 343 344 345 360 361 365 367 370 371 378 386 393 400 401 402 409 411 412 415 421 422 428 430 432 434 440 441 445 446 447 452 458 461 464 466 468 473 478 479 480 481 487 488 498 
	Cluster 0 SSE = 28.2474
Centroid 1 = I, 0.603556, 0.585014, 0.214034, 0.252499, 0.23371, 0.219793, 0.284179, 0.292769
	Members of Cluster (81): 3 9 20 26 33 34 50 52 62 76 77 90 94 99 100 103 113 115 116 118 124 126 135 137 146 152 163 165 167 170 187 193 194 202 205 216 231 232 234 238 253 259 278 288 292 296 302 313 326 331 332 338 346 348 352 353 354 359 363 366 377 382 383 385 387 398 403 405 410 416 429 433 435 451 454 456 457 467 483 490 494 
	Cluster 1 SSE = 4.96816
Centroid 2 = M, 0.786419, 0.781641, 0.302246, 0.539933, 0.493063, 0.486479, 0.570939, 0.403101
	Members of Cluster (129): 0 6 8 12 22 23 24 28 29 30 36 42 44 45 49 53 57 66 70 84 85 89 97 101 102 105 111 117 121 123 130 131 132 134 139 140 142 155 164 171 172 173 174 175 178 179 182 186 190 195 198 207 209 211 215 217 218 220 223 227 228 236 237 239 241 244 246 247 252 261 269 279 280 282 290 297 306 307 308 322 323 327 342 349 350 357 369 372 373 374 375 376 379 380 381 384 388 389 390 394 397 399 407 408 413 414 417 418 419 420 424 427 436 438 439 444 449 450 455 460 462 463 470 471 472 475 476 492 497 
	Cluster 2 SSE = 16.9031
Centroid 3 = I, 0.307042, 0.283503, 0.111239, 0.0701581, 0.0676106, 0.0590466, 0.0822485, 0.158283
	Members of Cluster (71): 4 25 31 32 37 40 54 55 60 63 65 67 72 75 78 79 81 82 91 92 104 106 110 114 125 128 129 136 138 147 153 160 168 169 183 188 200 206 214 242 248 255 263 272 273 287 309 310 311 316 355 358 364 391 392 395 396 406 423 425 426 437 443 448 465 469 474 486 489 493 499 
	Cluster 3 SSE = 3.20625
Centroid 4 = M, 0.493585, 0.480291, 0.186176, 0.19648, 0.17057, 0.176123, 0.225427, 0.294699
	Members of Cluster (53): 7 11 13 15 27 35 41 47 69 74 95 109 112 120 143 145 148 154 157 176 177 203 210 212 267 271 274 291 305 312 314 315 321 335 339 341 347 351 356 362 368 404 431 442 453 459 477 482 484 485 491 495 496 
	Cluster 4 SSE = 5.28061
Total SSE (sum squared-distance of each row with its centroid) = 58.6056
Davies-Bouldin Index: 0.338975
------------------------------------------------------------
Assigning each row to the cluster of the nearest centroid...
------------------------------------------------------------
There are 5 clusters
Recomputing the centroids for each cluster...
Centroid 0 = F, 0.720337, 0.716987, 0.266966, 0.438693, 0.386898, 0.406088, 0.475525, 0.385829
	Members of Cluster (166): 1 2 5 10 14 16 17 18 19 21 38 39 43 46 48 51 56 58 59 61 64 68 71 73 80 83 86 87 88 93 96 98 107 108 119 122 127 133 141 144 149 150 151 156 158 159 161 162 166 180 181 184 185 189 191 192 196 197 199 201 204 208 213 219 221 222 224 225 226 229 230 233 235 240 243 245 249 250 251 254 256 257 258 260 262 264 265 266 268 270 275 276 277 281 283 284 285 286 289 293 294 295 298 299 300 301 303 304 317 318 319 320 324 325 328 329 330 333 334 336 337 340 343 344 345 360 361 365 367 370 371 378 386 393 400 401 402 409 411 412 415 421 422 428 430 432 434 440 441 445 446 447 452 458 461 464 466 468 473 478 479 480 481 487 488 498 
	Cluster 0 SSE = 28.2474
Centroid 1 = I, 0.603556, 0.585014, 0.214034, 0.252499, 0.23371, 0.219793, 0.284179, 0.292769
	Members of Cluster (81): 3 9 20 26 33 34 50 52 62 76 77 90 94 99 100 103 113 115 116 118 124 126 135 137 146 152 163 165 167 170 187 193 194 202 205 216 231 232 234 238 253 259 278 288 292 296 302 313 326 331 332 338 346 348 352 353 354 359 363 366 377 382 383 385 387 398 403 405 410 416 429 433 435 451 454 456 457 467 483 490 494 
	Cluster 1 SSE = 4.96816
Centroid 2 = M, 0.786419, 0.781641, 0.302246, 0.539933, 0.493063, 0.486479, 0.570939, 0.403101
	Members of Cluster (129): 0 6 8 12 22 23 24 28 29 30 36 42 44 45 49 53 57 66 70 84 85 89 97 101 102 105 111 117 121 123 130 131 132 134 139 140 142 155 164 171 172 173 174 175 178 179 182 186 190 195 198 207 209 211 215 217 218 220 223 227 228 236 237 239 241 244 246 247 252 261 269 279 280 282 290 297 306 307 308 322 323 327 342 349 350 357 369 372 373 374 375 376 379 380 381 384 388 389 390 394 397 399 407 408 413 414 417 418 419 420 424 427 436 438 439 444 449 450 455 460 462 463 470 471 472 475 476 492 497 
	Cluster 2 SSE = 16.9031
Centroid 3 = I, 0.307042, 0.283503, 0.111239, 0.0701581, 0.0676106, 0.0590466, 0.0822485, 0.158283
	Members of Cluster (71): 4 25 31 32 37 40 54 55 60 63 65 67 72 75 78 79 81 82 91 92 104 106 110 114 125 128 129 136 138 147 153 160 168 169 183 188 200 206 214 242 248 255 263 272 273 287 309 310 311 316 355 358 364 391 392 395 396 406 423 425 426 437 443 448 465 469 474 486 489 493 499 
	Cluster 3 SSE = 3.20625
Centroid 4 = M, 0.493585, 0.480291, 0.186176, 0.19648, 0.17057, 0.176123, 0.225427, 0.294699
	Members of Cluster (53): 7 11 13 15 27 35 41 47 69 74 95 109 112 120 143 145 148 154 157 176 177 203 210 212 267 271 274 291 305 312 314 315 321 335 339 341 347 351 356 362 368 404 431 442 453 459 477 482 484 485 491 495 496 
	Cluster 4 SSE = 5.28061
Total SSE (sum squared-distance of each row with its centroid) = 58.6056
Davies-Bouldin Index: 0.338975
------------------------------------------------------------
Assigning each row to the cluster of the nearest centroid...
------------------------------------------------------------
There are 5 clusters
Recomputing the centroids for each cluster...
Centroid 0 = F, 0.720337, 0.716987, 0.266966, 0.438693, 0.386898, 0.406088, 0.475525, 0.385829
	Members of Cluster (166): 1 2 5 10 14 16 17 18 19 21 38 39 43 46 48 51 56 58 59 61 64 68 71 73 80 83 86 87 88 93 96 98 107 108 119 122 127 133 141 144 149 150 151 156 158 159 161 162 166 180 181 184 185 189 191 192 196 197 199 201 204 208 213 219 221 222 224 225 226 229 230 233 235 240 243 245 249 250 251 254 256 257 258 260 262 264 265 266 268 270 275 276 277 281 283 284 285 286 289 293 294 295 298 299 300 301 303 304 317 318 319 320 324 325 328 329 330 333 334 336 337 340 343 344 345 360 361 365 367 370 371 378 386 393 400 401 402 409 411 412 415 421 422 428 430 432 434 440 441 445 446 447 452 458 461 464 466 468 473 478 479 480 481 487 488 498 
	Cluster 0 SSE = 28.2474
Centroid 1 = I, 0.603556, 0.585014, 0.214034, 0.252499, 0.23371, 0.219793, 0.284179, 0.292769
	Members of Cluster (81): 3 9 20 26 33 34 50 52 62 76 77 90 94 99 100 103 113 115 116 118 124 126 135 137 146 152 163 165 167 170 187 193 194 202 205 216 231 232 234 238 253 259 278 288 292 296 302 313 326 331 332 338 346 348 352 353 354 359 363 366 377 382 383 385 387 398 403 405 410 416 429 433 435 451 454 456 457 467 483 490 494 
	Cluster 1 SSE = 4.96816
Centroid 2 = M, 0.786419, 0.781641, 0.302246, 0.539933, 0.493063, 0.486479, 0.570939, 0.403101
	Members of Cluster (129): 0 6 8 12 22 23 24 28 29 30 36 42 44 45 49 53 57 66 70 84 85 89 97 101 102 105 111 117 121 123 130 131 132 134 139 140 142 155 164 171 172 173 174 175 178 179 182 186 190 195 198 207 209 211 215 217 218 220 223 227 228 236 237 239 241 244 246 247 252 261 269 279 280 282 290 297 306 307 308 322 323 327 342 349 350 357 369 372 373 374 375 376 379 380 381 384 388 389 390 394 397 399 407 408 413 414 417 418 419 420 424 427 436 438 439 444 449 450 455 460 462 463 470 471 472 475 476 492 497 
	Cluster 2 SSE = 16.9031
Centroid 3 = I, 0.307042, 0.283503, 0.111239, 0.0701581, 0.0676106, 0.0590466, 0.0822485, 0.158283
	Members of Cluster (71): 4 25 31 32 37 40 54 55 60 63 65 67 72 75 78 79 81 82 91 92 104 106 110 114 125 128 129 136 138 147 153 160 168 169 183 188 200 206 214 242 248 255 263 272 273 287 309 310 311 316 355 358 364 391 392 395 396 406 423 425 426 437 443 448 465 469 474 486 489 493 499 
	Cluster 3 SSE = 3.20625
Centroid 4 = M, 0.493585, 0.480291, 0.186176, 0.19648, 0.17057, 0.176123, 0.225427, 0.294699
	Members of Cluster (53): 7 11 13 15 27 35 41 47 69 74 95 109 112 120 143 145 148 154 157 176 177 203 210 212 267 271 274 291 305 312 314 315 321 335 339 341 347 351 356 362 368 404 431 442 453 459 477 482 484 485 491 495 496 
	Cluster 4 SSE = 5.28061
Total SSE (sum squared-distance of each row with its centroid) = 58.6056
Davies-Bouldin Index: 0.338975
------------------------------------------------------------
Assigning each row to the cluster of the nearest centroid...
------------------------------------------------------------
There are 5 clusters
Recomputing the centroids for each cluster...
Centroid 0 = F, 0.720337, 0.716987, 0.266966, 0.438693, 0.386898, 0.406088, 0.475525, 0.385829
	Members of Cluster (166): 1 2 5 10 14 16 17 18 19 21 38 39 43 46 48 51 56 58 59 61 64 68 71 73 80 83 86 87 88 93 96 98 107 108 119 122 127 133 141 144 149 150 151 156 158 159 161 162 166 180 181 184 185 189 191 192 196 197 199 201 204 208 213 219 221 222 224 225 226 229 230 233 235 240 243 245 249 250 251 254 256 257 258 260 262 264 265 266 268 270 275 276 277 281 283 284 285 286 289 293 294 295 298 299 300 301 303 304 317 318 319 320 324 325 328 329 330 333 334 336 337 340 343 344 345 360 361 365 367 370 371 378 386 393 400 401 402 409 411 412 415 421 422 428 430 432 434 440 441 445 446 447 452 458 461 464 466 468 473 478 479 480 481 487 488 498 
	Cluster 0 SSE = 28.2474
Centroid 1 = I, 0.603556, 0.585014, 0.214034, 0.252499, 0.23371, 0.219793, 0.284179, 0.292769
	Members of Cluster (81): 3 9 20 26 33 34 50 52 62 76 77 90 94 99 100 103 113 115 116 118 124 126 135 137 146 152 163 165 167 170 187 193 194 202 205 216 231 232 234 238 253 259 278 288 292 296 302 313 326 331 332 338 346 348 352 353 354 359 363 366 377 382 383 385 387 398 403 405 410 416 429 433 435 451 454 456 457 467 483 490 494 
	Cluster 1 SSE = 4.96816
Centroid 2 = M, 0.786419, 0.781641, 0.302246, 0.539933, 0.493063, 0.486479, 0.570939, 0.403101
	Members of Cluster (129): 0 6 8 12 22 23 24 28 29 30 36 42 44 45 49 53 57 66 70 84 85 89 97 101 102 105 111 117 121 123 130 131 132 134 139 140 142 155 164 171 172 173 174 175 178 179 182 186 190 195 198 207 209 211 215 217 218 220 223 227 228 236 237 239 241 244 246 247 252 261 269 279 280 282 290 297 306 307 308 322 323 327 342 349 350 357 369 372 373 374 375 376 379 380 381 384 388 389 390 394 397 399 407 408 413 414 417 418 419 420 424 427 436 438 439 444 449 450 455 460 462 463 470 471 472 475 476 492 497 
	Cluster 2 SSE = 16.9031
Centroid 3 = I, 0.307042, 0.283503, 0.111239, 0.0701581, 0.0676106, 0.0590466, 0.0822485, 0.158283
	Members of Cluster (71): 4 25 31 32 37 40 54 55 60 63 65 67 72 75 78 79 81 82 91 92 104 106 110 114 125 128 129 136 138 147 153 160 168 169 183 188 200 206 214 242 248 255 263 272 273 287 309 310 311 316 355 358 364 391 392 395 396 406 423 425 426 437 443 448 465 469 474 486 489 493 499 
	Cluster 3 SSE = 3.20625
Centroid 4 = M, 0.493585, 0.480291, 0.186176, 0.19648, 0.17057, 0.176123, 0.225427, 0.294699
	Members of Cluster (53): 7 11 13 15 27 35 41 47 69 74 95 109 112 120 143 145 148 154 157 176 177 203 210 212 267 271 274 291 305 312 314 315 321 335 339 341 347 351 356 362 368 404 431 442 453 459 477 482 484 485 491 495 496 
	Cluster 4 SSE = 5.28061
Total SSE (sum squared-distance of each row with its centroid) = 58.6056
Davies-Bouldin Index: 0.338975
Convergence is detected because the sum squared-distance did not improve, and more than 3 iterations were performed
