Dataset name: ../data/abalone500.arff
Number of instances (rows): 500
Number of attributes (cols): 9
Learning algorithm: clustering
Evaluation method: training
Running k-means...
Centroid 0 = M, 0.63, 0.49, 0.155, 1.229, 0.535, 0.29, 0.335, 11
Centroid 1 = F, 0.72, 0.575, 0.18, 1.6705, 0.732, 0.3605, 0.501, 12
------------------------------------------------------------
Assigning each row to the cluster of the nearest centroid...
------------------------------------------------------------
There are 2 clusters
Recomputing the centroids for each cluster...
Centroid 0 = M, 0.500891, 0.388191, 0.133551, 0.744738, 0.32688, 0.161214, 0.213097, 9.51862
	Members of Cluster (376): 0 3 4 5 6 7 8 9 11 12 13 15 20 21 22 23 24 25 26 27 28 29 30 31 32 33 34 35 36 37 40 41 44 45 46 47 50 52 53 54 55 57 60 62 63 65 66 67 68 69 70 71 72 74 75 76 77 78 79 80 81 82 84 85 89 90 91 92 94 95 96 97 98 99 100 101 102 103 104 105 106 109 110 111 112 113 114 115 116 117 118 120 121 123 124 125 126 128 129 130 131 132 133 134 135 136 137 138 139 140 142 143 145 146 147 148 152 153 154 155 157 160 163 164 165 166 167 168 169 170 171 172 173 174 175 176 177 178 179 180 182 183 186 187 188 189 190 192 193 194 195 198 199 200 202 203 205 206 207 208 209 210 211 212 214 215 216 217 218 220 223 227 228 229 230 231 232 233 234 236 237 238 239 241 242 243 244 245 246 247 248 252 253 255 256 257 258 259 260 261 262 263 267 269 270 271 272 273 274 278 279 280 282 284 286 287 288 289 290 291 292 296 297 300 302 303 305 306 307 308 309 310 311 312 313 314 315 316 321 322 323 326 327 331 332 335 338 339 341 342 344 345 346 347 348 349 350 351 352 353 354 355 356 357 358 359 362 363 364 365 366 367 368 369 370 372 373 374 375 376 377 379 380 381 382 383 384 385 387 389 390 391 392 394 395 396 397 398 399 403 404 405 406 408 410 412 413 414 415 416 417 418 419 420 423 424 425 426 427 429 431 433 435 436 437 438 439 442 443 444 445 447 448 449 450 451 453 454 455 456 457 459 460 462 463 465 467 468 469 470 471 472 473 474 475 476 477 478 481 482 483 484 485 486 487 488 489 490 491 492 493 494 495 496 497 499 
	Cluster 0 SSE = 4174.59
Centroid 1 = F, 0.60754, 0.47996, 0.16375, 1.19306, 0.511298, 0.259355, 0.335698, 11.4516
	Members of Cluster (124): 1 2 10 14 16 17 18 19 38 39 42 43 48 49 51 56 58 59 61 64 73 83 86 87 88 93 107 108 119 122 127 141 144 149 150 151 156 158 159 161 162 181 184 185 191 196 197 201 204 213 219 221 222 224 225 226 235 240 249 250 251 254 264 265 266 268 275 276 277 281 283 285 293 294 295 298 299 301 304 317 318 319 320 324 325 328 329 330 333 334 336 337 340 343 360 361 371 378 386 388 393 400 401 402 407 409 411 421 422 428 430 432 434 440 441 446 452 458 461 464 466 479 480 498 
	Cluster 1 SSE = 1141.27
Total SSE (sum squared-distance of each row with its centroid) = 5315.86
Davies-Bouldin Index: 8.90486
------------------------------------------------------------
Assigning each row to the cluster of the nearest centroid...
------------------------------------------------------------
There are 2 clusters
Recomputing the centroids for each cluster...
Centroid 0 = M, 0.480066, 0.370482, 0.12608, 0.650646, 0.285266, 0.140379, 0.187686, 9.13621
	Members of Cluster (301): 0 2 3 4 6 7 8 9 11 13 15 20 22 24 25 26 27 28 29 30 31 32 33 34 35 36 37 40 41 44 45 47 50 52 53 54 55 57 60 62 63 65 66 67 69 72 73 74 75 76 77 78 79 81 82 85 89 90 91 92 94 95 97 99 100 102 103 104 105 106 109 110 111 112 113 114 115 116 117 120 121 123 124 125 126 128 129 130 132 134 136 137 138 139 140 142 143 145 147 148 152 153 154 155 157 160 163 164 165 166 167 168 169 170 171 173 175 176 177 178 180 182 183 186 188 190 193 194 195 198 200 201 202 203 205 206 207 209 210 211 212 214 215 216 218 220 223 225 228 231 232 234 238 239 241 242 244 246 248 252 253 255 259 263 267 269 271 272 273 274 278 279 282 287 288 290 291 292 296 297 301 302 304 305 307 308 309 310 311 312 314 315 316 321 322 326 327 331 332 335 339 341 346 347 348 351 352 353 354 355 356 357 358 359 360 362 363 364 368 369 370 372 373 374 376 377 379 383 384 385 387 389 391 392 394 395 396 397 399 403 404 405 406 407 408 409 410 414 416 417 418 419 423 424 425 426 427 429 431 433 435 436 437 439 442 443 444 448 449 451 453 454 455 456 457 459 460 461 462 463 465 467 469 470 472 474 475 477 482 483 484 485 486 489 491 492 493 494 495 496 499 
	Cluster 0 SSE = 3479.21
Centroid 1 = F, 0.598844, 0.472161, 0.163668, 1.16641, 0.504739, 0.253882, 0.327927, 11.3015
	Members of Cluster (199): 1 5 10 12 14 16 17 18 19 21 23 38 39 42 43 46 48 49 51 56 58 59 61 64 68 70 71 80 83 84 86 87 88 93 96 98 101 107 108 118 119 122 127 131 133 135 141 144 146 149 150 151 156 158 159 161 162 172 174 179 181 184 185 187 189 191 192 196 197 199 204 208 213 217 219 221 222 224 226 227 229 230 233 235 236 237 240 243 245 247 249 250 251 254 256 257 258 260 261 262 264 265 266 268 270 275 276 277 280 281 283 284 285 286 289 293 294 295 298 299 300 303 306 313 317 318 319 320 323 324 325 328 329 330 333 334 336 337 338 340 342 343 344 345 349 350 361 365 366 367 371 375 378 380 381 382 386 388 390 393 398 400 401 402 411 412 413 415 420 421 422 428 430 432 434 438 440 441 445 446 447 450 452 458 464 466 468 471 473 476 478 479 480 481 487 488 490 497 498 
	Cluster 1 SSE = 1601.9
Total SSE (sum squared-distance of each row with its centroid) = 5081.11
Davies-Bouldin Index: 8.26462
------------------------------------------------------------
Assigning each row to the cluster of the nearest centroid...
------------------------------------------------------------
There are 2 clusters
Recomputing the centroids for each cluster...
Centroid 0 = M, 0.476407, 0.367559, 0.125119, 0.633919, 0.277705, 0.137251, 0.183886, 9.05424
	Members of Cluster (295): 0 2 3 4 6 7 8 9 11 13 15 20 24 25 26 27 28 29 30 31 32 33 34 35 36 37 40 41 44 45 47 50 52 53 54 55 57 60 62 63 65 66 67 69 72 73 74 75 76 77 78 79 81 82 85 89 90 91 92 94 95 97 99 100 102 103 104 105 106 109 110 111 112 113 114 115 116 117 120 121 123 124 125 126 128 129 130 132 134 136 137 138 139 140 142 143 145 147 148 152 153 154 155 157 160 163 164 165 166 167 168 169 170 171 173 175 176 177 178 180 182 183 186 188 190 193 194 195 198 200 201 202 203 205 206 207 210 211 212 214 215 216 218 220 223 225 228 231 232 234 238 239 241 242 244 246 248 252 253 255 259 263 267 269 271 272 273 274 278 279 282 287 288 290 291 292 296 297 302 304 305 307 308 309 310 311 312 314 315 316 321 322 326 327 331 332 335 339 341 346 347 348 351 352 353 354 355 356 358 359 360 362 363 364 365 368 369 370 372 373 374 376 379 383 384 385 387 389 391 392 394 395 396 397 399 403 404 405 406 407 408 409 410 414 416 418 419 423 424 425 426 427 429 431 433 435 436 437 439 442 443 444 448 449 451 453 454 455 456 457 459 460 461 462 463 465 467 469 472 474 475 477 482 483 484 485 486 489 491 492 493 494 495 496 499 
	Cluster 0 SSE = 3388.69
Centroid 1 = F, 0.600634, 0.47339, 0.163951, 1.17539, 0.509195, 0.255061, 0.32929, 11.3561
	Members of Cluster (205): 1 5 10 12 14 16 17 18 19 21 22 23 38 39 42 43 46 48 49 51 56 58 59 61 64 68 70 71 80 83 84 86 87 88 93 96 98 101 107 108 118 119 122 127 131 133 135 141 144 146 149 150 151 156 158 159 161 162 172 174 179 181 184 185 187 189 191 192 196 197 199 204 208 209 213 217 219 221 222 224 226 227 229 230 233 235 236 237 240 243 245 247 249 250 251 254 256 257 258 260 261 262 264 265 266 268 270 275 276 277 280 281 283 284 285 286 289 293 294 295 298 299 300 301 303 306 313 317 318 319 320 323 324 325 328 329 330 333 334 336 337 338 340 342 343 344 345 349 350 357 361 366 367 371 375 377 378 380 381 382 386 388 390 393 398 400 401 402 411 412 413 415 417 420 421 422 428 430 432 434 438 440 441 445 446 447 450 452 458 464 466 468 470 471 473 476 478 479 480 481 487 488 490 497 498 
	Cluster 1 SSE = 1613.29
Total SSE (sum squared-distance of each row with its centroid) = 5001.98
Davies-Bouldin Index: 8.03206
------------------------------------------------------------
Assigning each row to the cluster of the nearest centroid...
------------------------------------------------------------
There are 2 clusters
Recomputing the centroids for each cluster...
Centroid 0 = I, 0.473866, 0.365447, 0.124278, 0.620352, 0.273418, 0.134476, 0.179448, 8.95189
	Members of Cluster (291): 0 2 3 4 6 7 8 9 11 13 15 20 24 25 26 27 28 29 30 31 32 33 34 35 36 37 40 41 44 45 47 50 52 53 54 55 57 60 62 63 65 66 67 69 72 73 74 75 76 77 78 79 81 82 85 89 90 91 92 94 95 97 99 100 102 103 104 105 106 109 110 111 112 113 114 115 116 117 120 121 123 124 125 126 128 129 130 132 134 136 137 138 139 140 142 143 145 147 148 152 153 154 155 157 160 163 164 165 166 167 168 169 170 171 173 175 176 177 178 180 182 183 186 188 190 193 194 195 198 200 201 202 203 205 206 207 210 211 212 214 215 216 220 223 225 228 231 232 234 238 241 242 244 246 248 252 253 255 259 263 267 269 271 272 273 274 278 279 282 287 288 290 291 292 296 297 302 304 305 307 308 309 310 311 312 314 315 316 321 322 326 327 331 332 335 339 341 346 347 348 351 352 353 354 355 356 358 359 360 362 363 364 365 368 369 370 372 373 374 376 379 383 384 385 387 389 391 392 394 395 396 397 399 403 404 405 406 407 408 409 410 414 416 418 419 423 424 425 426 427 429 431 433 435 436 437 439 442 443 444 448 449 451 453 454 456 457 459 460 461 463 465 467 469 472 474 475 477 482 483 484 485 486 489 491 492 493 494 495 496 499 
	Cluster 0 SSE = 3048.64
Centroid 1 = F, 0.601794, 0.474306, 0.164378, 1.18392, 0.510734, 0.25667, 0.332687, 11.4545
	Members of Cluster (209): 1 5 10 12 14 16 17 18 19 21 22 23 38 39 42 43 46 48 49 51 56 58 59 61 64 68 70 71 80 83 84 86 87 88 93 96 98 101 107 108 118 119 122 127 131 133 135 141 144 146 149 150 151 156 158 159 161 162 172 174 179 181 184 185 187 189 191 192 196 197 199 204 208 209 213 217 218 219 221 222 224 226 227 229 230 233 235 236 237 239 240 243 245 247 249 250 251 254 256 257 258 260 261 262 264 265 266 268 270 275 276 277 280 281 283 284 285 286 289 293 294 295 298 299 300 301 303 306 313 317 318 319 320 323 324 325 328 329 330 333 334 336 337 338 340 342 343 344 345 349 350 357 361 366 367 371 375 377 378 380 381 382 386 388 390 393 398 400 401 402 411 412 413 415 417 420 421 422 428 430 432 434 438 440 441 445 446 447 450 452 455 458 462 464 466 468 470 471 473 476 478 479 480 481 487 488 490 497 498 
	Cluster 1 SSE = 1829.15
Total SSE (sum squared-distance of each row with its centroid) = 4877.78
Davies-Bouldin Index: 7.87348
------------------------------------------------------------
Assigning each row to the cluster of the nearest centroid...
------------------------------------------------------------
There are 2 clusters
Recomputing the centroids for each cluster...
Centroid 0 = I, 0.434129, 0.331875, 0.112121, 0.456397, 0.201879, 0.0982366, 0.134801, 8.19196
	Members of Cluster (224): 3 4 7 8 9 11 13 15 20 25 26 27 28 29 31 32 33 34 35 37 40 41 47 50 52 54 55 60 62 63 65 67 69 72 74 75 76 77 78 79 81 82 83 90 91 92 94 95 99 100 103 104 106 109 110 112 113 114 115 116 118 120 124 125 126 128 129 134 135 136 137 138 139 143 145 146 147 148 152 153 154 157 160 163 165 167 168 169 170 176 177 182 183 186 187 188 191 193 194 200 202 203 205 206 210 212 214 216 223 231 232 233 234 238 242 248 253 255 259 263 267 271 272 273 274 278 287 288 291 292 296 302 303 305 309 310 311 312 313 314 315 316 318 321 326 331 332 335 338 339 341 345 346 347 348 351 352 353 354 355 356 358 359 362 363 364 365 366 368 376 377 383 385 387 391 392 395 396 397 398 403 404 405 406 408 410 415 416 423 425 426 429 431 432 433 435 437 442 443 448 451 453 454 456 457 465 467 469 472 474 477 482 483 484 485 486 489 490 491 493 494 495 496 499 
	Cluster 0 SSE = 1775.4
Centroid 1 = F, 0.602989, 0.475127, 0.164511, 1.18017, 0.511185, 0.256418, 0.331723, 11.4638
	Members of Cluster (276): 0 1 2 5 6 10 12 14 16 17 18 19 21 22 23 24 30 36 38 39 42 43 44 45 46 48 49 51 53 56 57 58 59 61 64 66 68 70 71 73 80 84 85 86 87 88 89 93 96 97 98 101 102 105 107 108 111 117 119 121 122 123 127 130 131 132 133 140 141 142 144 149 150 151 155 156 158 159 161 162 164 166 171 172 173 174 175 178 179 180 181 184 185 189 190 192 195 196 197 198 199 201 204 207 208 209 211 213 215 217 218 219 220 221 222 224 225 226 227 228 229 230 235 236 237 239 240 241 243 244 245 246 247 249 250 251 252 254 256 257 258 260 261 262 264 265 266 268 269 270 275 276 277 279 280 281 282 283 284 285 286 289 290 293 294 295 297 298 299 300 301 304 306 307 308 317 319 320 322 323 324 325 327 328 329 330 333 334 336 337 340 342 343 344 349 350 357 360 361 367 369 370 371 372 373 374 375 378 379 380 381 382 384 386 388 389 390 393 394 399 400 401 402 407 409 411 412 413 414 417 418 419 420 421 422 424 427 428 430 434 436 438 439 440 441 444 445 446 447 449 450 452 455 458 459 460 461 462 463 464 466 468 470 471 473 475 476 478 479 480 481 487 488 492 497 498 
	Cluster 1 SSE = 2490.51
Total SSE (sum squared-distance of each row with its centroid) = 4265.91
Davies-Bouldin Index: 6.19702
------------------------------------------------------------
Assigning each row to the cluster of the nearest centroid...
------------------------------------------------------------
There are 2 clusters
Recomputing the centroids for each cluster...
Centroid 0 = I, 0.429358, 0.327959, 0.110665, 0.437757, 0.194307, 0.0936101, 0.12981, 8.12844
	Members of Cluster (218): 3 4 7 8 9 11 13 15 20 25 26 27 28 31 32 33 34 35 37 40 41 47 50 52 54 55 60 62 63 65 67 69 72 74 75 76 77 78 79 81 82 90 91 92 94 95 99 100 103 104 106 109 110 112 113 114 115 116 118 120 124 125 126 128 129 134 135 136 137 138 139 145 146 147 148 152 153 154 157 160 163 165 167 168 169 170 176 177 182 183 186 187 188 189 193 194 200 202 203 205 206 210 212 214 216 222 231 232 233 234 238 242 248 253 255 259 263 267 271 272 273 274 278 287 288 292 296 302 303 305 309 310 311 312 313 314 315 316 318 321 326 331 332 335 338 339 341 345 346 347 348 351 352 353 354 355 356 358 359 362 363 364 365 366 367 368 377 383 385 387 391 392 395 396 397 398 403 404 405 406 408 410 415 416 423 425 426 429 431 433 435 437 442 443 448 451 453 454 456 457 465 467 469 472 474 477 483 484 485 486 489 490 491 493 494 495 496 499 
	Cluster 0 SSE = 1695
Centroid 1 = F, 0.603085, 0.475106, 0.164521, 1.17918, 0.510457, 0.256629, 0.331392, 11.4433
	Members of Cluster (282): 0 1 2 5 6 10 12 14 16 17 18 19 21 22 23 24 29 30 36 38 39 42 43 44 45 46 48 49 51 53 56 57 58 59 61 64 66 68 70 71 73 80 83 84 85 86 87 88 89 93 96 97 98 101 102 105 107 108 111 117 119 121 122 123 127 130 131 132 133 140 141 142 143 144 149 150 151 155 156 158 159 161 162 164 166 171 172 173 174 175 178 179 180 181 184 185 190 191 192 195 196 197 198 199 201 204 207 208 209 211 213 215 217 218 219 220 221 223 224 225 226 227 228 229 230 235 236 237 239 240 241 243 244 245 246 247 249 250 251 252 254 256 257 258 260 261 262 264 265 266 268 269 270 275 276 277 279 280 281 282 283 284 285 286 289 290 291 293 294 295 297 298 299 300 301 304 306 307 308 317 319 320 322 323 324 325 327 328 329 330 333 334 336 337 340 342 343 344 349 350 357 360 361 369 370 371 372 373 374 375 376 378 379 380 381 382 384 386 388 389 390 393 394 399 400 401 402 407 409 411 412 413 414 417 418 419 420 421 422 424 427 428 430 432 434 436 438 439 440 441 444 445 446 447 449 450 452 455 458 459 460 461 462 463 464 466 468 470 471 473 475 476 478 479 480 481 482 487 488 492 497 498 
	Cluster 1 SSE = 2539.54
Total SSE (sum squared-distance of each row with its centroid) = 4234.55
Davies-Bouldin Index: 6.0545
------------------------------------------------------------
Assigning each row to the cluster of the nearest centroid...
------------------------------------------------------------
There are 2 clusters
Recomputing the centroids for each cluster...
Centroid 0 = I, 0.429358, 0.327959, 0.110665, 0.437757, 0.194307, 0.0936101, 0.12981, 8.12844
	Members of Cluster (218): 3 4 7 8 9 11 13 15 20 25 26 27 28 31 32 33 34 35 37 40 41 47 50 52 54 55 60 62 63 65 67 69 72 74 75 76 77 78 79 81 82 90 91 92 94 95 99 100 103 104 106 109 110 112 113 114 115 116 118 120 124 125 126 128 129 134 135 136 137 138 139 145 146 147 148 152 153 154 157 160 163 165 167 168 169 170 176 177 182 183 186 187 188 189 193 194 200 202 203 205 206 210 212 214 216 222 231 232 233 234 238 242 248 253 255 259 263 267 271 272 273 274 278 287 288 292 296 302 303 305 309 310 311 312 313 314 315 316 318 321 326 331 332 335 338 339 341 345 346 347 348 351 352 353 354 355 356 358 359 362 363 364 365 366 367 368 377 383 385 387 391 392 395 396 397 398 403 404 405 406 408 410 415 416 423 425 426 429 431 433 435 437 442 443 448 451 453 454 456 457 465 467 469 472 474 477 483 484 485 486 489 490 491 493 494 495 496 499 
	Cluster 0 SSE = 1695
Centroid 1 = F, 0.603085, 0.475106, 0.164521, 1.17918, 0.510457, 0.256629, 0.331392, 11.4433
	Members of Cluster (282): 0 1 2 5 6 10 12 14 16 17 18 19 21 22 23 24 29 30 36 38 39 42 43 44 45 46 48 49 51 53 56 57 58 59 61 64 66 68 70 71 73 80 83 84 85 86 87 88 89 93 96 97 98 101 102 105 107 108 111 117 119 121 122 123 127 130 131 132 133 140 141 142 143 144 149 150 151 155 156 158 159 161 162 164 166 171 172 173 174 175 178 179 180 181 184 185 190 191 192 195 196 197 198 199 201 204 207 208 209 211 213 215 217 218 219 220 221 223 224 225 226 227 228 229 230 235 236 237 239 240 241 243 244 245 246 247 249 250 251 252 254 256 257 258 260 261 262 264 265 266 268 269 270 275 276 277 279 280 281 282 283 284 285 286 289 290 291 293 294 295 297 298 299 300 301 304 306 307 308 317 319 320 322 323 324 325 327 328 329 330 333 334 336 337 340 342 343 344 349 350 357 360 361 369 370 371 372 373 374 375 376 378 379 380 381 382 384 386 388 389 390 393 394 399 400 401 402 407 409 411 412 413 414 417 418 419 420 421 422 424 427 428 430 432 434 436 438 439 440 441 444 445 446 447 449 450 452 455 458 459 460 461 462 463 464 466 468 470 471 473 475 476 478 479 480 481 482 487 488 492 497 498 
	Cluster 1 SSE = 2539.54
Total SSE (sum squared-distance of each row with its centroid) = 4234.55
Davies-Bouldin Index: 6.0545
------------------------------------------------------------
Assigning each row to the cluster of the nearest centroid...
------------------------------------------------------------
There are 2 clusters
Recomputing the centroids for each cluster...
Centroid 0 = I, 0.429358, 0.327959, 0.110665, 0.437757, 0.194307, 0.0936101, 0.12981, 8.12844
	Members of Cluster (218): 3 4 7 8 9 11 13 15 20 25 26 27 28 31 32 33 34 35 37 40 41 47 50 52 54 55 60 62 63 65 67 69 72 74 75 76 77 78 79 81 82 90 91 92 94 95 99 100 103 104 106 109 110 112 113 114 115 116 118 120 124 125 126 128 129 134 135 136 137 138 139 145 146 147 148 152 153 154 157 160 163 165 167 168 169 170 176 177 182 183 186 187 188 189 193 194 200 202 203 205 206 210 212 214 216 222 231 232 233 234 238 242 248 253 255 259 263 267 271 272 273 274 278 287 288 292 296 302 303 305 309 310 311 312 313 314 315 316 318 321 326 331 332 335 338 339 341 345 346 347 348 351 352 353 354 355 356 358 359 362 363 364 365 366 367 368 377 383 385 387 391 392 395 396 397 398 403 404 405 406 408 410 415 416 423 425 426 429 431 433 435 437 442 443 448 451 453 454 456 457 465 467 469 472 474 477 483 484 485 486 489 490 491 493 494 495 496 499 
	Cluster 0 SSE = 1695
Centroid 1 = F, 0.603085, 0.475106, 0.164521, 1.17918, 0.510457, 0.256629, 0.331392, 11.4433
	Members of Cluster (282): 0 1 2 5 6 10 12 14 16 17 18 19 21 22 23 24 29 30 36 38 39 42 43 44 45 46 48 49 51 53 56 57 58 59 61 64 66 68 70 71 73 80 83 84 85 86 87 88 89 93 96 97 98 101 102 105 107 108 111 117 119 121 122 123 127 130 131 132 133 140 141 142 143 144 149 150 151 155 156 158 159 161 162 164 166 171 172 173 174 175 178 179 180 181 184 185 190 191 192 195 196 197 198 199 201 204 207 208 209 211 213 215 217 218 219 220 221 223 224 225 226 227 228 229 230 235 236 237 239 240 241 243 244 245 246 247 249 250 251 252 254 256 257 258 260 261 262 264 265 266 268 269 270 275 276 277 279 280 281 282 283 284 285 286 289 290 291 293 294 295 297 298 299 300 301 304 306 307 308 317 319 320 322 323 324 325 327 328 329 330 333 334 336 337 340 342 343 344 349 350 357 360 361 369 370 371 372 373 374 375 376 378 379 380 381 382 384 386 388 389 390 393 394 399 400 401 402 407 409 411 412 413 414 417 418 419 420 421 422 424 427 428 430 432 434 436 438 439 440 441 444 445 446 447 449 450 452 455 458 459 460 461 462 463 464 466 468 470 471 473 475 476 478 479 480 481 482 487 488 492 497 498 
	Cluster 1 SSE = 2539.54
Total SSE (sum squared-distance of each row with its centroid) = 4234.55
Davies-Bouldin Index: 6.0545
------------------------------------------------------------
Assigning each row to the cluster of the nearest centroid...
------------------------------------------------------------
There are 2 clusters
Recomputing the centroids for each cluster...
Centroid 0 = I, 0.429358, 0.327959, 0.110665, 0.437757, 0.194307, 0.0936101, 0.12981, 8.12844
	Members of Cluster (218): 3 4 7 8 9 11 13 15 20 25 26 27 28 31 32 33 34 35 37 40 41 47 50 52 54 55 60 62 63 65 67 69 72 74 75 76 77 78 79 81 82 90 91 92 94 95 99 100 103 104 106 109 110 112 113 114 115 116 118 120 124 125 126 128 129 134 135 136 137 138 139 145 146 147 148 152 153 154 157 160 163 165 167 168 169 170 176 177 182 183 186 187 188 189 193 194 200 202 203 205 206 210 212 214 216 222 231 232 233 234 238 242 248 253 255 259 263 267 271 272 273 274 278 287 288 292 296 302 303 305 309 310 311 312 313 314 315 316 318 321 326 331 332 335 338 339 341 345 346 347 348 351 352 353 354 355 356 358 359 362 363 364 365 366 367 368 377 383 385 387 391 392 395 396 397 398 403 404 405 406 408 410 415 416 423 425 426 429 431 433 435 437 442 443 448 451 453 454 456 457 465 467 469 472 474 477 483 484 485 486 489 490 491 493 494 495 496 499 
	Cluster 0 SSE = 1695
Centroid 1 = F, 0.603085, 0.475106, 0.164521, 1.17918, 0.510457, 0.256629, 0.331392, 11.4433
	Members of Cluster (282): 0 1 2 5 6 10 12 14 16 17 18 19 21 22 23 24 29 30 36 38 39 42 43 44 45 46 48 49 51 53 56 57 58 59 61 64 66 68 70 71 73 80 83 84 85 86 87 88 89 93 96 97 98 101 102 105 107 108 111 117 119 121 122 123 127 130 131 132 133 140 141 142 143 144 149 150 151 155 156 158 159 161 162 164 166 171 172 173 174 175 178 179 180 181 184 185 190 191 192 195 196 197 198 199 201 204 207 208 209 211 213 215 217 218 219 220 221 223 224 225 226 227 228 229 230 235 236 237 239 240 241 243 244 245 246 247 249 250 251 252 254 256 257 258 260 261 262 264 265 266 268 269 270 275 276 277 279 280 281 282 283 284 285 286 289 290 291 293 294 295 297 298 299 300 301 304 306 307 308 317 319 320 322 323 324 325 327 328 329 330 333 334 336 337 340 342 343 344 349 350 357 360 361 369 370 371 372 373 374 375 376 378 379 380 381 382 384 386 388 389 390 393 394 399 400 401 402 407 409 411 412 413 414 417 418 419 420 421 422 424 427 428 430 432 434 436 438 439 440 441 444 445 446 447 449 450 452 455 458 459 460 461 462 463 464 466 468 470 471 473 475 476 478 479 480 481 482 487 488 492 497 498 
	Cluster 1 SSE = 2539.54
Total SSE (sum squared-distance of each row with its centroid) = 4234.55
Davies-Bouldin Index: 6.0545
Convergence is detected because the sum squared-distance did not improve, and more than 3 iterations were performed
