Dataset name: ../data/abalone500.arff
Number of instances (rows): 500
Number of attributes (cols): 9
Learning algorithm: clustering
Evaluation method: training
Running k-means...
Centroid 0 = M, 0.888, 0.871287, 0.306122, 0.599663, 0.552206, 0.432916, 0.735697, 0.380952
Centroid 1 = F, 0.792, 0.831683, 0.255102, 0.5193, 0.453036, 0.539356, 0.574537, 0.571429
------------------------------------------------------------
Assigning each row to the cluster of the nearest centroid...
------------------------------------------------------------
There are 2 clusters
Recomputing the centroids for each cluster...
Centroid 0 = M, 0.701143, 0.693885, 0.268446, 0.439916, 0.39915, 0.396101, 0.470323, 0.371533
	Members of Cluster (182): 0 6 7 8 11 12 13 15 22 23 24 27 28 29 30 35 36 41 42 44 45 47 49 53 57 66 69 70 74 84 85 89 95 97 101 102 105 109 111 112 117 120 121 123 130 131 132 134 139 140 142 143 145 148 154 155 157 164 171 172 173 174 175 176 177 178 179 182 186 190 195 198 203 207 209 210 211 212 215 217 218 220 223 227 228 236 237 239 241 244 246 247 252 261 267 269 271 274 279 280 282 290 291 297 305 306 307 308 312 314 315 321 322 323 327 335 339 341 342 347 349 350 351 356 357 362 368 369 372 373 374 375 376 379 380 381 384 388 389 390 394 397 399 404 407 408 413 414 417 418 419 420 424 427 431 436 438 439 442 444 449 450 453 455 459 460 462 463 470 471 472 475 476 477 482 484 485 491 492 495 496 497 
	Cluster 0 SSE = 46.2052
Centroid 1 = F, 0.598314, 0.586587, 0.218714, 0.308983, 0.276591, 0.281151, 0.338979, 0.311321
	Members of Cluster (318): 1 2 3 4 5 9 10 14 16 17 18 19 20 21 25 26 31 32 33 34 37 38 39 40 43 46 48 50 51 52 54 55 56 58 59 60 61 62 63 64 65 67 68 71 72 73 75 76 77 78 79 80 81 82 83 86 87 88 90 91 92 93 94 96 98 99 100 103 104 106 107 108 110 113 114 115 116 118 119 122 124 125 126 127 128 129 133 135 136 137 138 141 144 146 147 149 150 151 152 153 156 158 159 160 161 162 163 165 166 167 168 169 170 180 181 183 184 185 187 188 189 191 192 193 194 196 197 199 200 201 202 204 205 206 208 213 214 216 219 221 222 224 225 226 229 230 231 232 233 234 235 238 240 242 243 245 248 249 250 251 253 254 255 256 257 258 259 260 262 263 264 265 266 268 270 272 273 275 276 277 278 281 283 284 285 286 287 288 289 292 293 294 295 296 298 299 300 301 302 303 304 309 310 311 313 316 317 318 319 320 324 325 326 328 329 330 331 332 333 334 336 337 338 340 343 344 345 346 348 352 353 354 355 358 359 360 361 363 364 365 366 367 370 371 377 378 382 383 385 386 387 391 392 393 395 396 398 400 401 402 403 405 406 409 410 411 412 415 416 421 422 423 425 426 428 429 430 432 433 434 435 437 440 441 443 445 446 447 448 451 452 454 456 457 458 461 464 465 466 467 468 469 473 474 478 479 480 481 483 486 487 488 489 490 493 494 498 499 
	Cluster 1 SSE = 236.872
Total SSE (sum squared-distance of each row with its centroid) = 283.077
Davies-Bouldin Index: 0.918658
------------------------------------------------------------
Assigning each row to the cluster of the nearest centroid...
------------------------------------------------------------
There are 2 clusters
Recomputing the centroids for each cluster...
Centroid 0 = M, 0.704, 0.695802, 0.26908, 0.438626, 0.397642, 0.39356, 0.470735, 0.376488
	Members of Cluster (192): 0 6 7 8 11 12 13 15 22 23 24 27 28 29 30 34 35 36 41 42 44 45 47 49 53 57 66 69 70 74 84 85 89 95 97 101 102 105 109 111 112 117 118 120 121 123 130 131 132 134 135 139 140 142 143 145 146 148 154 155 157 164 170 171 172 173 174 175 176 177 178 179 182 186 190 195 198 203 207 209 210 211 212 215 217 218 220 223 227 228 236 237 239 241 244 246 247 252 261 267 269 271 274 279 280 282 290 291 297 305 306 307 308 312 314 315 321 322 323 327 335 338 339 341 342 347 349 350 351 356 357 362 368 369 372 373 374 375 376 377 379 380 381 382 384 388 389 390 394 397 398 399 404 407 408 413 414 417 418 419 420 424 427 431 436 438 439 442 444 449 450 453 455 459 460 462 463 470 471 472 475 476 477 482 484 485 490 491 492 495 496 497 
	Cluster 0 SSE = 56.7802
Centroid 1 = F, 0.593195, 0.581908, 0.216704, 0.305537, 0.273551, 0.279003, 0.334457, 0.306277
	Members of Cluster (308): 1 2 3 4 5 9 10 14 16 17 18 19 20 21 25 26 31 32 33 37 38 39 40 43 46 48 50 51 52 54 55 56 58 59 60 61 62 63 64 65 67 68 71 72 73 75 76 77 78 79 80 81 82 83 86 87 88 90 91 92 93 94 96 98 99 100 103 104 106 107 108 110 113 114 115 116 119 122 124 125 126 127 128 129 133 136 137 138 141 144 147 149 150 151 152 153 156 158 159 160 161 162 163 165 166 167 168 169 180 181 183 184 185 187 188 189 191 192 193 194 196 197 199 200 201 202 204 205 206 208 213 214 216 219 221 222 224 225 226 229 230 231 232 233 234 235 238 240 242 243 245 248 249 250 251 253 254 255 256 257 258 259 260 262 263 264 265 266 268 270 272 273 275 276 277 278 281 283 284 285 286 287 288 289 292 293 294 295 296 298 299 300 301 302 303 304 309 310 311 313 316 317 318 319 320 324 325 326 328 329 330 331 332 333 334 336 337 340 343 344 345 346 348 352 353 354 355 358 359 360 361 363 364 365 366 367 370 371 378 383 385 386 387 391 392 393 395 396 400 401 402 403 405 406 409 410 411 412 415 416 421 422 423 425 426 428 429 430 432 433 434 435 437 440 441 443 445 446 447 448 451 452 454 456 457 458 461 464 465 466 467 468 469 473 474 478 479 480 481 483 486 487 488 489 493 494 498 499 
	Cluster 1 SSE = 225.25
Total SSE (sum squared-distance of each row with its centroid) = 282.03
Davies-Bouldin Index: 0.939845
------------------------------------------------------------
Assigning each row to the cluster of the nearest centroid...
------------------------------------------------------------
There are 2 clusters
Recomputing the centroids for each cluster...
Centroid 0 = M, 0.704, 0.695802, 0.26908, 0.438626, 0.397642, 0.39356, 0.470735, 0.376488
	Members of Cluster (192): 0 6 7 8 11 12 13 15 22 23 24 27 28 29 30 34 35 36 41 42 44 45 47 49 53 57 66 69 70 74 84 85 89 95 97 101 102 105 109 111 112 117 118 120 121 123 130 131 132 134 135 139 140 142 143 145 146 148 154 155 157 164 170 171 172 173 174 175 176 177 178 179 182 186 190 195 198 203 207 209 210 211 212 215 217 218 220 223 227 228 236 237 239 241 244 246 247 252 261 267 269 271 274 279 280 282 290 291 297 305 306 307 308 312 314 315 321 322 323 327 335 338 339 341 342 347 349 350 351 356 357 362 368 369 372 373 374 375 376 377 379 380 381 382 384 388 389 390 394 397 398 399 404 407 408 413 414 417 418 419 420 424 427 431 436 438 439 442 444 449 450 453 455 459 460 462 463 470 471 472 475 476 477 482 484 485 490 491 492 495 496 497 
	Cluster 0 SSE = 56.7802
Centroid 1 = F, 0.593195, 0.581908, 0.216704, 0.305537, 0.273551, 0.279003, 0.334457, 0.306277
	Members of Cluster (308): 1 2 3 4 5 9 10 14 16 17 18 19 20 21 25 26 31 32 33 37 38 39 40 43 46 48 50 51 52 54 55 56 58 59 60 61 62 63 64 65 67 68 71 72 73 75 76 77 78 79 80 81 82 83 86 87 88 90 91 92 93 94 96 98 99 100 103 104 106 107 108 110 113 114 115 116 119 122 124 125 126 127 128 129 133 136 137 138 141 144 147 149 150 151 152 153 156 158 159 160 161 162 163 165 166 167 168 169 180 181 183 184 185 187 188 189 191 192 193 194 196 197 199 200 201 202 204 205 206 208 213 214 216 219 221 222 224 225 226 229 230 231 232 233 234 235 238 240 242 243 245 248 249 250 251 253 254 255 256 257 258 259 260 262 263 264 265 266 268 270 272 273 275 276 277 278 281 283 284 285 286 287 288 289 292 293 294 295 296 298 299 300 301 302 303 304 309 310 311 313 316 317 318 319 320 324 325 326 328 329 330 331 332 333 334 336 337 340 343 344 345 346 348 352 353 354 355 358 359 360 361 363 364 365 366 367 370 371 378 383 385 386 387 391 392 393 395 396 400 401 402 403 405 406 409 410 411 412 415 416 421 422 423 425 426 428 429 430 432 433 434 435 437 440 441 443 445 446 447 448 451 452 454 456 457 458 461 464 465 466 467 468 469 473 474 478 479 480 481 483 486 487 488 489 493 494 498 499 
	Cluster 1 SSE = 225.25
Total SSE (sum squared-distance of each row with its centroid) = 282.03
Davies-Bouldin Index: 0.939845
------------------------------------------------------------
Assigning each row to the cluster of the nearest centroid...
------------------------------------------------------------
There are 2 clusters
Recomputing the centroids for each cluster...
Centroid 0 = M, 0.704, 0.695802, 0.26908, 0.438626, 0.397642, 0.39356, 0.470735, 0.376488
	Members of Cluster (192): 0 6 7 8 11 12 13 15 22 23 24 27 28 29 30 34 35 36 41 42 44 45 47 49 53 57 66 69 70 74 84 85 89 95 97 101 102 105 109 111 112 117 118 120 121 123 130 131 132 134 135 139 140 142 143 145 146 148 154 155 157 164 170 171 172 173 174 175 176 177 178 179 182 186 190 195 198 203 207 209 210 211 212 215 217 218 220 223 227 228 236 237 239 241 244 246 247 252 261 267 269 271 274 279 280 282 290 291 297 305 306 307 308 312 314 315 321 322 323 327 335 338 339 341 342 347 349 350 351 356 357 362 368 369 372 373 374 375 376 377 379 380 381 382 384 388 389 390 394 397 398 399 404 407 408 413 414 417 418 419 420 424 427 431 436 438 439 442 444 449 450 453 455 459 460 462 463 470 471 472 475 476 477 482 484 485 490 491 492 495 496 497 
	Cluster 0 SSE = 56.7802
Centroid 1 = F, 0.593195, 0.581908, 0.216704, 0.305537, 0.273551, 0.279003, 0.334457, 0.306277
	Members of Cluster (308): 1 2 3 4 5 9 10 14 16 17 18 19 20 21 25 26 31 32 33 37 38 39 40 43 46 48 50 51 52 54 55 56 58 59 60 61 62 63 64 65 67 68 71 72 73 75 76 77 78 79 80 81 82 83 86 87 88 90 91 92 93 94 96 98 99 100 103 104 106 107 108 110 113 114 115 116 119 122 124 125 126 127 128 129 133 136 137 138 141 144 147 149 150 151 152 153 156 158 159 160 161 162 163 165 166 167 168 169 180 181 183 184 185 187 188 189 191 192 193 194 196 197 199 200 201 202 204 205 206 208 213 214 216 219 221 222 224 225 226 229 230 231 232 233 234 235 238 240 242 243 245 248 249 250 251 253 254 255 256 257 258 259 260 262 263 264 265 266 268 270 272 273 275 276 277 278 281 283 284 285 286 287 288 289 292 293 294 295 296 298 299 300 301 302 303 304 309 310 311 313 316 317 318 319 320 324 325 326 328 329 330 331 332 333 334 336 337 340 343 344 345 346 348 352 353 354 355 358 359 360 361 363 364 365 366 367 370 371 378 383 385 386 387 391 392 393 395 396 400 401 402 403 405 406 409 410 411 412 415 416 421 422 423 425 426 428 429 430 432 433 434 435 437 440 441 443 445 446 447 448 451 452 454 456 457 458 461 464 465 466 467 468 469 473 474 478 479 480 481 483 486 487 488 489 493 494 498 499 
	Cluster 1 SSE = 225.25
Total SSE (sum squared-distance of each row with its centroid) = 282.03
Davies-Bouldin Index: 0.939845
------------------------------------------------------------
Assigning each row to the cluster of the nearest centroid...
------------------------------------------------------------
There are 2 clusters
Recomputing the centroids for each cluster...
Centroid 0 = M, 0.704, 0.695802, 0.26908, 0.438626, 0.397642, 0.39356, 0.470735, 0.376488
	Members of Cluster (192): 0 6 7 8 11 12 13 15 22 23 24 27 28 29 30 34 35 36 41 42 44 45 47 49 53 57 66 69 70 74 84 85 89 95 97 101 102 105 109 111 112 117 118 120 121 123 130 131 132 134 135 139 140 142 143 145 146 148 154 155 157 164 170 171 172 173 174 175 176 177 178 179 182 186 190 195 198 203 207 209 210 211 212 215 217 218 220 223 227 228 236 237 239 241 244 246 247 252 261 267 269 271 274 279 280 282 290 291 297 305 306 307 308 312 314 315 321 322 323 327 335 338 339 341 342 347 349 350 351 356 357 362 368 369 372 373 374 375 376 377 379 380 381 382 384 388 389 390 394 397 398 399 404 407 408 413 414 417 418 419 420 424 427 431 436 438 439 442 444 449 450 453 455 459 460 462 463 470 471 472 475 476 477 482 484 485 490 491 492 495 496 497 
	Cluster 0 SSE = 56.7802
Centroid 1 = F, 0.593195, 0.581908, 0.216704, 0.305537, 0.273551, 0.279003, 0.334457, 0.306277
	Members of Cluster (308): 1 2 3 4 5 9 10 14 16 17 18 19 20 21 25 26 31 32 33 37 38 39 40 43 46 48 50 51 52 54 55 56 58 59 60 61 62 63 64 65 67 68 71 72 73 75 76 77 78 79 80 81 82 83 86 87 88 90 91 92 93 94 96 98 99 100 103 104 106 107 108 110 113 114 115 116 119 122 124 125 126 127 128 129 133 136 137 138 141 144 147 149 150 151 152 153 156 158 159 160 161 162 163 165 166 167 168 169 180 181 183 184 185 187 188 189 191 192 193 194 196 197 199 200 201 202 204 205 206 208 213 214 216 219 221 222 224 225 226 229 230 231 232 233 234 235 238 240 242 243 245 248 249 250 251 253 254 255 256 257 258 259 260 262 263 264 265 266 268 270 272 273 275 276 277 278 281 283 284 285 286 287 288 289 292 293 294 295 296 298 299 300 301 302 303 304 309 310 311 313 316 317 318 319 320 324 325 326 328 329 330 331 332 333 334 336 337 340 343 344 345 346 348 352 353 354 355 358 359 360 361 363 364 365 366 367 370 371 378 383 385 386 387 391 392 393 395 396 400 401 402 403 405 406 409 410 411 412 415 416 421 422 423 425 426 428 429 430 432 433 434 435 437 440 441 443 445 446 447 448 451 452 454 456 457 458 461 464 465 466 467 468 469 473 474 478 479 480 481 483 486 487 488 489 493 494 498 499 
	Cluster 1 SSE = 225.25
Total SSE (sum squared-distance of each row with its centroid) = 282.03
Davies-Bouldin Index: 0.939845
Convergence is detected because the sum squared-distance did not improve, and more than 3 iterations were performed
