Dataset name: ../data/abalone500.arff
Number of instances (rows): 500
Number of attributes (cols): 9
Learning algorithm: clustering
Evaluation method: training
Running k-means...
Centroid 0 = I, 0.2, 0.19802, 0.0612245, 0.0261548, 0.020533, 0.0214669, 0.0282031, 0.047619
Centroid 1 = I, 0.48, 0.485149, 0.193878, 0.146383, 0.127567, 0.10644, 0.162772, 0.285714
Centroid 2 = F, 0.64, 0.683168, 0.22449, 0.326092, 0.269113, 0.297853, 0.346495, 0.285714
Centroid 3 = F, 0.76, 0.752475, 0.285714, 0.441046, 0.373962, 0.383721, 0.569702, 0.285714
------------------------------------------------------------
Assigning each row to the cluster of the nearest centroid...
------------------------------------------------------------
There are 4 clusters
Recomputing the centroids for each cluster...
Centroid 0 = I, 0.229551, 0.212164, 0.0864223, 0.0426157, 0.0444183, 0.0344821, 0.0505846, 0.134111
	Members of Cluster (49): 7 25 32 37 40 54 55 63 65 67 72 79 81 82 106 114 120 129 138 147 153 157 169 183 206 242 248 263 271 311 316 362 368 392 395 396 404 423 425 426 443 448 465 474 485 486 489 495 499 
	Cluster 0 SSE = 10.4429
Centroid 1 = I, 0.539008, 0.518053, 0.19242, 0.204308, 0.187566, 0.179153, 0.232834, 0.26817
	Members of Cluster (133): 3 4 9 11 13 20 26 31 33 34 35 47 50 52 60 62 75 76 77 78 90 91 92 94 99 100 103 104 109 110 112 113 115 116 118 124 125 126 128 135 136 137 146 152 160 163 165 167 168 170 176 177 187 188 193 194 200 202 203 205 210 214 216 231 232 234 238 253 255 259 272 273 274 278 287 288 292 296 302 305 309 310 313 314 326 331 332 335 338 339 346 347 348 351 352 353 354 355 356 358 359 363 364 366 377 382 383 385 387 391 398 403 405 406 410 416 429 431 433 435 437 451 453 454 456 457 459 467 469 483 490 493 494 
	Cluster 1 SSE = 31.1203
Centroid 2 = F, 0.616857, 0.613331, 0.234512, 0.297982, 0.259053, 0.274382, 0.332846, 0.359269
	Members of Cluster (112): 0 2 5 10 15 21 24 27 28 29 39 41 46 48 56 58 61 68 69 71 73 74 80 83 89 95 96 98 111 117 119 134 139 143 145 148 151 154 166 180 182 186 189 191 192 198 201 208 212 221 222 223 225 233 235 245 246 257 258 262 267 268 270 286 289 291 295 300 301 303 304 312 315 318 321 325 337 340 341 345 360 365 367 370 372 376 389 402 408 409 412 415 421 430 432 436 442 447 458 461 464 468 472 473 475 477 478 482 484 487 491 496 
	Cluster 2 SSE = 51.056
Centroid 3 = M, 0.805087, 0.800154, 0.302506, 0.561584, 0.507109, 0.510916, 0.595484, 0.40846
	Members of Cluster (206): 1 6 8 12 14 16 17 18 19 22 23 30 36 38 42 43 44 45 49 51 53 57 59 64 66 70 84 85 86 87 88 93 97 101 102 105 107 108 121 122 123 127 130 131 132 133 140 141 142 144 149 150 155 156 158 159 161 162 164 171 172 173 174 175 178 179 181 184 185 190 195 196 197 199 204 207 209 211 213 215 217 218 219 220 224 226 227 228 229 230 236 237 239 240 241 243 244 247 249 250 251 252 254 256 260 261 264 265 266 269 275 276 277 279 280 281 282 283 284 285 290 293 294 297 298 299 306 307 308 317 319 320 322 323 324 327 328 329 330 333 334 336 342 343 344 349 350 357 361 369 371 373 374 375 378 379 380 381 384 386 388 390 393 394 397 399 400 401 407 411 413 414 417 418 419 420 422 424 427 428 434 438 439 440 441 444 445 446 449 450 452 455 460 462 463 466 470 471 476 479 480 481 488 492 497 498 
	Cluster 3 SSE = 120.482
Total SSE (sum squared-distance of each row with its centroid) = 213.101
Davies-Bouldin Index: 1.13283
------------------------------------------------------------
Assigning each row to the cluster of the nearest centroid...
------------------------------------------------------------
There are 4 clusters
Recomputing the centroids for each cluster...
Centroid 0 = I, 0.272, 0.250582, 0.102791, 0.0567763, 0.0551744, 0.0472614, 0.0675214, 0.157563
	Members of Cluster (68): 7 11 25 31 32 35 37 40 54 55 63 65 67 72 75 79 81 82 91 106 109 114 120 129 136 138 147 153 157 168 169 183 200 206 214 242 248 255 263 271 273 287 310 311 314 316 355 362 368 392 395 396 404 423 425 426 437 443 448 453 465 474 485 486 489 493 495 499 
	Cluster 0 SSE = 16.4078
Centroid 1 = I, 0.572606, 0.552655, 0.202845, 0.228064, 0.210091, 0.19912, 0.257791, 0.276094
	Members of Cluster (99): 3 4 9 20 26 33 34 50 52 60 62 76 77 78 90 92 94 99 100 103 104 110 113 115 116 118 124 125 126 128 135 137 146 152 160 163 165 167 170 187 188 193 194 202 205 216 231 232 234 238 253 259 272 278 288 292 296 302 309 313 326 331 332 338 339 346 348 352 353 354 358 359 363 364 366 377 382 383 385 387 391 398 403 405 406 410 416 429 433 435 451 454 456 457 467 469 483 490 494 
	Cluster 1 SSE = 8.18228
Centroid 2 = F, 0.714667, 0.711282, 0.264361, 0.427039, 0.375281, 0.396928, 0.464982, 0.386831
	Members of Cluster (162): 1 2 5 10 14 16 17 18 19 21 38 39 43 46 48 51 56 58 59 61 64 68 71 73 80 83 86 87 88 93 96 98 107 108 119 122 127 133 141 144 149 150 151 156 158 159 161 162 166 180 181 184 185 189 191 192 196 197 199 201 204 208 213 219 221 222 224 225 226 229 230 233 235 240 243 245 249 250 251 254 256 257 258 260 262 264 266 268 270 275 276 277 281 283 284 285 286 289 293 294 295 298 299 300 301 303 304 317 318 319 320 324 325 328 329 330 333 334 336 337 340 343 344 345 360 361 365 367 370 371 378 386 400 401 402 409 412 415 421 422 428 430 432 434 440 441 445 447 452 458 461 464 466 468 473 478 479 480 481 487 488 498 
	Cluster 2 SSE = 24.5336
Centroid 3 = M, 0.742175, 0.735916, 0.283685, 0.483637, 0.440086, 0.434313, 0.514351, 0.385408
	Members of Cluster (171): 0 6 8 12 13 15 22 23 24 27 28 29 30 36 41 42 44 45 47 49 53 57 66 69 70 74 84 85 89 95 97 101 102 105 111 112 117 121 123 130 131 132 134 139 140 142 143 145 148 154 155 164 171 172 173 174 175 176 177 178 179 182 186 190 195 198 203 207 209 210 211 212 215 217 218 220 223 227 228 236 237 239 241 244 246 247 252 261 265 267 269 274 279 280 282 290 291 297 305 306 307 308 312 315 321 322 323 327 335 341 342 347 349 350 351 356 357 369 372 373 374 375 376 379 380 381 384 388 389 390 393 394 397 399 407 408 411 413 414 417 418 419 420 424 427 431 436 438 439 442 444 446 449 450 455 459 460 462 463 470 471 472 475 476 477 482 484 491 492 496 497 
	Cluster 3 SSE = 38.2977
Total SSE (sum squared-distance of each row with its centroid) = 87.4213
Davies-Bouldin Index: 0.717701
------------------------------------------------------------
Assigning each row to the cluster of the nearest centroid...
------------------------------------------------------------
There are 4 clusters
Recomputing the centroids for each cluster...
Centroid 0 = I, 0.29088, 0.266931, 0.106667, 0.0636293, 0.0617096, 0.0525939, 0.0742197, 0.156825
	Members of Cluster (75): 7 25 31 32 37 40 54 55 63 65 67 72 75 79 81 82 91 92 104 106 110 114 120 128 129 136 138 147 153 157 160 168 169 183 188 200 206 214 242 248 255 263 271 272 273 287 309 310 311 316 355 358 362 368 391 392 395 396 404 406 423 425 426 437 443 448 465 469 474 485 486 489 493 495 499 
	Cluster 0 SSE = 11.9465
Centroid 1 = I, 0.595163, 0.577251, 0.211082, 0.245206, 0.226168, 0.21391, 0.277083, 0.289037
	Members of Cluster (86): 3 4 9 20 26 33 34 50 52 60 62 76 77 78 90 94 99 100 103 113 115 116 118 124 125 126 135 137 146 152 163 165 167 170 187 193 194 202 205 216 231 232 234 238 253 259 278 288 292 296 302 313 326 331 332 338 346 348 352 353 354 359 363 364 366 377 382 383 385 387 398 403 405 410 416 429 433 435 451 454 456 457 467 483 490 494 
	Cluster 1 SSE = 5.47369
Centroid 2 = F, 0.720337, 0.716987, 0.266966, 0.438693, 0.386898, 0.406088, 0.475525, 0.385829
	Members of Cluster (166): 1 2 5 10 14 16 17 18 19 21 38 39 43 46 48 51 56 58 59 61 64 68 71 73 80 83 86 87 88 93 96 98 107 108 119 122 127 133 141 144 149 150 151 156 158 159 161 162 166 180 181 184 185 189 191 192 196 197 199 201 204 208 213 219 221 222 224 225 226 229 230 233 235 240 243 245 249 250 251 254 256 257 258 260 262 264 265 266 268 270 275 276 277 281 283 284 285 286 289 293 294 295 298 299 300 301 303 304 317 318 319 320 324 325 328 329 330 333 334 336 337 340 343 344 345 360 361 365 367 370 371 378 386 393 400 401 402 409 411 412 415 421 422 428 430 432 434 440 441 445 446 447 452 458 461 464 466 468 473 478 479 480 481 487 488 498 
	Cluster 2 SSE = 28.2474
Centroid 3 = M, 0.724254, 0.717564, 0.277103, 0.460338, 0.417905, 0.414711, 0.491683, 0.381228
	Members of Cluster (173): 0 6 8 11 12 13 15 22 23 24 27 28 29 30 35 36 41 42 44 45 47 49 53 57 66 69 70 74 84 85 89 95 97 101 102 105 109 111 112 117 121 123 130 131 132 134 139 140 142 143 145 148 154 155 164 171 172 173 174 175 176 177 178 179 182 186 190 195 198 203 207 209 210 211 212 215 217 218 220 223 227 228 236 237 239 241 244 246 247 252 261 267 269 274 279 280 282 290 291 297 305 306 307 308 312 314 315 321 322 323 327 335 339 341 342 347 349 350 351 356 357 369 372 373 374 375 376 379 380 381 384 388 389 390 394 397 399 407 408 413 414 417 418 419 420 424 427 431 436 438 439 442 444 449 450 453 455 459 460 462 463 470 471 472 475 476 477 482 484 491 492 496 497 
	Cluster 3 SSE = 36.1714
Total SSE (sum squared-distance of each row with its centroid) = 81.839
Davies-Bouldin Index: 0.530165
------------------------------------------------------------
Assigning each row to the cluster of the nearest centroid...
------------------------------------------------------------
There are 4 clusters
Recomputing the centroids for each cluster...
Centroid 0 = I, 0.294486, 0.270136, 0.108246, 0.0650564, 0.0628978, 0.0546342, 0.0757454, 0.155727
	Members of Cluster (74): 25 31 32 37 40 54 55 63 65 67 72 75 78 79 81 82 91 92 104 106 110 114 120 125 128 129 136 138 147 153 160 168 169 183 188 200 206 214 242 248 255 263 272 273 287 309 310 311 316 355 358 362 368 391 392 395 396 404 406 423 425 426 437 443 448 465 469 474 485 486 489 493 495 499 
	Cluster 0 SSE = 9.04927
Centroid 1 = I, 0.598476, 0.580976, 0.211978, 0.248162, 0.229389, 0.215798, 0.28016, 0.289116
	Members of Cluster (84): 3 4 9 20 26 33 34 50 52 60 62 76 77 90 94 99 100 103 113 115 116 118 124 126 135 137 146 152 163 165 167 170 187 193 194 202 205 216 231 232 234 238 253 259 278 288 292 296 302 313 326 331 332 338 346 348 352 353 354 359 363 364 366 377 382 383 385 387 398 403 405 410 416 429 433 435 451 454 456 457 467 483 490 494 
	Cluster 1 SSE = 5.26424
Centroid 2 = F, 0.720337, 0.716987, 0.266966, 0.438693, 0.386898, 0.406088, 0.475525, 0.385829
	Members of Cluster (166): 1 2 5 10 14 16 17 18 19 21 38 39 43 46 48 51 56 58 59 61 64 68 71 73 80 83 86 87 88 93 96 98 107 108 119 122 127 133 141 144 149 150 151 156 158 159 161 162 166 180 181 184 185 189 191 192 196 197 199 201 204 208 213 219 221 222 224 225 226 229 230 233 235 240 243 245 249 250 251 254 256 257 258 260 262 264 265 266 268 270 275 276 277 281 283 284 285 286 289 293 294 295 298 299 300 301 303 304 317 318 319 320 324 325 328 329 330 333 334 336 337 340 343 344 345 360 361 365 367 370 371 378 386 393 400 401 402 409 411 412 415 421 422 428 430 432 434 440 441 445 446 447 452 458 461 464 466 468 473 478 479 480 481 487 488 498 
	Cluster 2 SSE = 28.2474
Centroid 3 = M, 0.717227, 0.710284, 0.274293, 0.453629, 0.411665, 0.408613, 0.484763, 0.379329
	Members of Cluster (176): 0 6 7 8 11 12 13 15 22 23 24 27 28 29 30 35 36 41 42 44 45 47 49 53 57 66 69 70 74 84 85 89 95 97 101 102 105 109 111 112 117 121 123 130 131 132 134 139 140 142 143 145 148 154 155 157 164 171 172 173 174 175 176 177 178 179 182 186 190 195 198 203 207 209 210 211 212 215 217 218 220 223 227 228 236 237 239 241 244 246 247 252 261 267 269 271 274 279 280 282 290 291 297 305 306 307 308 312 314 315 321 322 323 327 335 339 341 342 347 349 350 351 356 357 369 372 373 374 375 376 379 380 381 384 388 389 390 394 397 399 407 408 413 414 417 418 419 420 424 427 431 436 438 439 442 444 449 450 453 455 459 460 462 463 470 471 472 475 476 477 482 484 491 492 496 497 
	Cluster 3 SSE = 39.0725
Total SSE (sum squared-distance of each row with its centroid) = 81.6334
Davies-Bouldin Index: 0.477144
------------------------------------------------------------
Assigning each row to the cluster of the nearest centroid...
------------------------------------------------------------
There are 4 clusters
Recomputing the centroids for each cluster...
Centroid 0 = I, 0.296533, 0.272871, 0.10898, 0.0659889, 0.0636377, 0.0553131, 0.0769165, 0.15619
	Members of Cluster (75): 25 31 32 37 40 54 55 63 65 67 72 75 78 79 81 82 91 92 104 106 110 114 120 125 128 129 136 138 147 153 160 168 169 183 188 200 206 214 242 248 255 263 272 273 287 309 310 311 316 355 358 362 364 368 391 392 395 396 404 406 423 425 426 437 443 448 465 469 474 485 486 489 493 495 499 
	Cluster 0 SSE = 9.13624
Centroid 1 = I, 0.600289, 0.58225, 0.212565, 0.249525, 0.230726, 0.217126, 0.281565, 0.290304
	Members of Cluster (83): 3 4 9 20 26 33 34 50 52 60 62 76 77 90 94 99 100 103 113 115 116 118 124 126 135 137 146 152 163 165 167 170 187 193 194 202 205 216 231 232 234 238 253 259 278 288 292 296 302 313 326 331 332 338 346 348 352 353 354 359 363 366 377 382 383 385 387 398 403 405 410 416 429 433 435 451 454 456 457 467 483 490 494 
	Cluster 1 SSE = 5.16628
Centroid 2 = F, 0.720337, 0.716987, 0.266966, 0.438693, 0.386898, 0.406088, 0.475525, 0.385829
	Members of Cluster (166): 1 2 5 10 14 16 17 18 19 21 38 39 43 46 48 51 56 58 59 61 64 68 71 73 80 83 86 87 88 93 96 98 107 108 119 122 127 133 141 144 149 150 151 156 158 159 161 162 166 180 181 184 185 189 191 192 196 197 199 201 204 208 213 219 221 222 224 225 226 229 230 233 235 240 243 245 249 250 251 254 256 257 258 260 262 264 265 266 268 270 275 276 277 281 283 284 285 286 289 293 294 295 298 299 300 301 303 304 317 318 319 320 324 325 328 329 330 333 334 336 337 340 343 344 345 360 361 365 367 370 371 378 386 393 400 401 402 409 411 412 415 421 422 428 430 432 434 440 441 445 446 447 452 458 461 464 466 468 473 478 479 480 481 487 488 498 
	Cluster 2 SSE = 28.2474
Centroid 3 = M, 0.717227, 0.710284, 0.274293, 0.453629, 0.411665, 0.408613, 0.484763, 0.379329
	Members of Cluster (176): 0 6 7 8 11 12 13 15 22 23 24 27 28 29 30 35 36 41 42 44 45 47 49 53 57 66 69 70 74 84 85 89 95 97 101 102 105 109 111 112 117 121 123 130 131 132 134 139 140 142 143 145 148 154 155 157 164 171 172 173 174 175 176 177 178 179 182 186 190 195 198 203 207 209 210 211 212 215 217 218 220 223 227 228 236 237 239 241 244 246 247 252 261 267 269 271 274 279 280 282 290 291 297 305 306 307 308 312 314 315 321 322 323 327 335 339 341 342 347 349 350 351 356 357 369 372 373 374 375 376 379 380 381 384 388 389 390 394 397 399 407 408 413 414 417 418 419 420 424 427 431 436 438 439 442 444 449 450 453 455 459 460 462 463 470 471 472 475 476 477 482 484 491 492 496 497 
	Cluster 3 SSE = 39.0725
Total SSE (sum squared-distance of each row with its centroid) = 81.6224
Davies-Bouldin Index: 0.476136
------------------------------------------------------------
Assigning each row to the cluster of the nearest centroid...
------------------------------------------------------------
There are 4 clusters
Recomputing the centroids for each cluster...
Centroid 0 = I, 0.296533, 0.272871, 0.10898, 0.0659889, 0.0636377, 0.0553131, 0.0769165, 0.15619
	Members of Cluster (75): 25 31 32 37 40 54 55 63 65 67 72 75 78 79 81 82 91 92 104 106 110 114 120 125 128 129 136 138 147 153 160 168 169 183 188 200 206 214 242 248 255 263 272 273 287 309 310 311 316 355 358 362 364 368 391 392 395 396 404 406 423 425 426 437 443 448 465 469 474 485 486 489 493 495 499 
	Cluster 0 SSE = 9.13624
Centroid 1 = I, 0.600289, 0.58225, 0.212565, 0.249525, 0.230726, 0.217126, 0.281565, 0.290304
	Members of Cluster (83): 3 4 9 20 26 33 34 50 52 60 62 76 77 90 94 99 100 103 113 115 116 118 124 126 135 137 146 152 163 165 167 170 187 193 194 202 205 216 231 232 234 238 253 259 278 288 292 296 302 313 326 331 332 338 346 348 352 353 354 359 363 366 377 382 383 385 387 398 403 405 410 416 429 433 435 451 454 456 457 467 483 490 494 
	Cluster 1 SSE = 5.16628
Centroid 2 = F, 0.720337, 0.716987, 0.266966, 0.438693, 0.386898, 0.406088, 0.475525, 0.385829
	Members of Cluster (166): 1 2 5 10 14 16 17 18 19 21 38 39 43 46 48 51 56 58 59 61 64 68 71 73 80 83 86 87 88 93 96 98 107 108 119 122 127 133 141 144 149 150 151 156 158 159 161 162 166 180 181 184 185 189 191 192 196 197 199 201 204 208 213 219 221 222 224 225 226 229 230 233 235 240 243 245 249 250 251 254 256 257 258 260 262 264 265 266 268 270 275 276 277 281 283 284 285 286 289 293 294 295 298 299 300 301 303 304 317 318 319 320 324 325 328 329 330 333 334 336 337 340 343 344 345 360 361 365 367 370 371 378 386 393 400 401 402 409 411 412 415 421 422 428 430 432 434 440 441 445 446 447 452 458 461 464 466 468 473 478 479 480 481 487 488 498 
	Cluster 2 SSE = 28.2474
Centroid 3 = M, 0.717227, 0.710284, 0.274293, 0.453629, 0.411665, 0.408613, 0.484763, 0.379329
	Members of Cluster (176): 0 6 7 8 11 12 13 15 22 23 24 27 28 29 30 35 36 41 42 44 45 47 49 53 57 66 69 70 74 84 85 89 95 97 101 102 105 109 111 112 117 121 123 130 131 132 134 139 140 142 143 145 148 154 155 157 164 171 172 173 174 175 176 177 178 179 182 186 190 195 198 203 207 209 210 211 212 215 217 218 220 223 227 228 236 237 239 241 244 246 247 252 261 267 269 271 274 279 280 282 290 291 297 305 306 307 308 312 314 315 321 322 323 327 335 339 341 342 347 349 350 351 356 357 369 372 373 374 375 376 379 380 381 384 388 389 390 394 397 399 407 408 413 414 417 418 419 420 424 427 431 436 438 439 442 444 449 450 453 455 459 460 462 463 470 471 472 475 476 477 482 484 491 492 496 497 
	Cluster 3 SSE = 39.0725
Total SSE (sum squared-distance of each row with its centroid) = 81.6224
Davies-Bouldin Index: 0.476136
------------------------------------------------------------
Assigning each row to the cluster of the nearest centroid...
------------------------------------------------------------
There are 4 clusters
Recomputing the centroids for each cluster...
Centroid 0 = I, 0.296533, 0.272871, 0.10898, 0.0659889, 0.0636377, 0.0553131, 0.0769165, 0.15619
	Members of Cluster (75): 25 31 32 37 40 54 55 63 65 67 72 75 78 79 81 82 91 92 104 106 110 114 120 125 128 129 136 138 147 153 160 168 169 183 188 200 206 214 242 248 255 263 272 273 287 309 310 311 316 355 358 362 364 368 391 392 395 396 404 406 423 425 426 437 443 448 465 469 474 485 486 489 493 495 499 
	Cluster 0 SSE = 9.13624
Centroid 1 = I, 0.600289, 0.58225, 0.212565, 0.249525, 0.230726, 0.217126, 0.281565, 0.290304
	Members of Cluster (83): 3 4 9 20 26 33 34 50 52 60 62 76 77 90 94 99 100 103 113 115 116 118 124 126 135 137 146 152 163 165 167 170 187 193 194 202 205 216 231 232 234 238 253 259 278 288 292 296 302 313 326 331 332 338 346 348 352 353 354 359 363 366 377 382 383 385 387 398 403 405 410 416 429 433 435 451 454 456 457 467 483 490 494 
	Cluster 1 SSE = 5.16628
Centroid 2 = F, 0.720337, 0.716987, 0.266966, 0.438693, 0.386898, 0.406088, 0.475525, 0.385829
	Members of Cluster (166): 1 2 5 10 14 16 17 18 19 21 38 39 43 46 48 51 56 58 59 61 64 68 71 73 80 83 86 87 88 93 96 98 107 108 119 122 127 133 141 144 149 150 151 156 158 159 161 162 166 180 181 184 185 189 191 192 196 197 199 201 204 208 213 219 221 222 224 225 226 229 230 233 235 240 243 245 249 250 251 254 256 257 258 260 262 264 265 266 268 270 275 276 277 281 283 284 285 286 289 293 294 295 298 299 300 301 303 304 317 318 319 320 324 325 328 329 330 333 334 336 337 340 343 344 345 360 361 365 367 370 371 378 386 393 400 401 402 409 411 412 415 421 422 428 430 432 434 440 441 445 446 447 452 458 461 464 466 468 473 478 479 480 481 487 488 498 
	Cluster 2 SSE = 28.2474
Centroid 3 = M, 0.717227, 0.710284, 0.274293, 0.453629, 0.411665, 0.408613, 0.484763, 0.379329
	Members of Cluster (176): 0 6 7 8 11 12 13 15 22 23 24 27 28 29 30 35 36 41 42 44 45 47 49 53 57 66 69 70 74 84 85 89 95 97 101 102 105 109 111 112 117 121 123 130 131 132 134 139 140 142 143 145 148 154 155 157 164 171 172 173 174 175 176 177 178 179 182 186 190 195 198 203 207 209 210 211 212 215 217 218 220 223 227 228 236 237 239 241 244 246 247 252 261 267 269 271 274 279 280 282 290 291 297 305 306 307 308 312 314 315 321 322 323 327 335 339 341 342 347 349 350 351 356 357 369 372 373 374 375 376 379 380 381 384 388 389 390 394 397 399 407 408 413 414 417 418 419 420 424 427 431 436 438 439 442 444 449 450 453 455 459 460 462 463 470 471 472 475 476 477 482 484 491 492 496 497 
	Cluster 3 SSE = 39.0725
Total SSE (sum squared-distance of each row with its centroid) = 81.6224
Davies-Bouldin Index: 0.476136
------------------------------------------------------------
Assigning each row to the cluster of the nearest centroid...
------------------------------------------------------------
There are 4 clusters
Recomputing the centroids for each cluster...
Centroid 0 = I, 0.296533, 0.272871, 0.10898, 0.0659889, 0.0636377, 0.0553131, 0.0769165, 0.15619
	Members of Cluster (75): 25 31 32 37 40 54 55 63 65 67 72 75 78 79 81 82 91 92 104 106 110 114 120 125 128 129 136 138 147 153 160 168 169 183 188 200 206 214 242 248 255 263 272 273 287 309 310 311 316 355 358 362 364 368 391 392 395 396 404 406 423 425 426 437 443 448 465 469 474 485 486 489 493 495 499 
	Cluster 0 SSE = 9.13624
Centroid 1 = I, 0.600289, 0.58225, 0.212565, 0.249525, 0.230726, 0.217126, 0.281565, 0.290304
	Members of Cluster (83): 3 4 9 20 26 33 34 50 52 60 62 76 77 90 94 99 100 103 113 115 116 118 124 126 135 137 146 152 163 165 167 170 187 193 194 202 205 216 231 232 234 238 253 259 278 288 292 296 302 313 326 331 332 338 346 348 352 353 354 359 363 366 377 382 383 385 387 398 403 405 410 416 429 433 435 451 454 456 457 467 483 490 494 
	Cluster 1 SSE = 5.16628
Centroid 2 = F, 0.720337, 0.716987, 0.266966, 0.438693, 0.386898, 0.406088, 0.475525, 0.385829
	Members of Cluster (166): 1 2 5 10 14 16 17 18 19 21 38 39 43 46 48 51 56 58 59 61 64 68 71 73 80 83 86 87 88 93 96 98 107 108 119 122 127 133 141 144 149 150 151 156 158 159 161 162 166 180 181 184 185 189 191 192 196 197 199 201 204 208 213 219 221 222 224 225 226 229 230 233 235 240 243 245 249 250 251 254 256 257 258 260 262 264 265 266 268 270 275 276 277 281 283 284 285 286 289 293 294 295 298 299 300 301 303 304 317 318 319 320 324 325 328 329 330 333 334 336 337 340 343 344 345 360 361 365 367 370 371 378 386 393 400 401 402 409 411 412 415 421 422 428 430 432 434 440 441 445 446 447 452 458 461 464 466 468 473 478 479 480 481 487 488 498 
	Cluster 2 SSE = 28.2474
Centroid 3 = M, 0.717227, 0.710284, 0.274293, 0.453629, 0.411665, 0.408613, 0.484763, 0.379329
	Members of Cluster (176): 0 6 7 8 11 12 13 15 22 23 24 27 28 29 30 35 36 41 42 44 45 47 49 53 57 66 69 70 74 84 85 89 95 97 101 102 105 109 111 112 117 121 123 130 131 132 134 139 140 142 143 145 148 154 155 157 164 171 172 173 174 175 176 177 178 179 182 186 190 195 198 203 207 209 210 211 212 215 217 218 220 223 227 228 236 237 239 241 244 246 247 252 261 267 269 271 274 279 280 282 290 291 297 305 306 307 308 312 314 315 321 322 323 327 335 339 341 342 347 349 350 351 356 357 369 372 373 374 375 376 379 380 381 384 388 389 390 394 397 399 407 408 413 414 417 418 419 420 424 427 431 436 438 439 442 444 449 450 453 455 459 460 462 463 470 471 472 475 476 477 482 484 491 492 496 497 
	Cluster 3 SSE = 39.0725
Total SSE (sum squared-distance of each row with its centroid) = 81.6224
Davies-Bouldin Index: 0.476136
Convergence is detected because the sum squared-distance did not improve, and more than 3 iterations were performed
