Dataset name: ../data/iris.arff
Number of instances (rows): 150
Number of attributes (cols): 5
Learning algorithm: clustering
Evaluation method: training
Running HAC...
There are 7 clusters
Cluster 0: 0 17 40 4 7 39 49 27 28 35 10 48 23 26 43 1 45 12 9 34 37 29 30 2 3 47 25 8 38 42 11 6 19 21 46 13 24 36 20 31 5 18 16 32 33 44 15 14 22 
Cluster 1: 41 
Cluster 2: 50 52 86 51 56 54 58 65 75 74 97 77 76 71 53 89 69 80 81 67 82 92 88 94 95 96 99 90 61 55 66 84 63 91 78 73 79 85 59 70 127 138 123 126 146 149 101 142 113 121 72 83 133 103 116 137 104 128 132 110 147 111 141 145 112 139 120 143 140 144 124 115 136 148 102 125 129 64 100 119 107 130 114 62 68 87 105 122 118 135 134 108 
Cluster 3: 57 93 60 98 
Cluster 4: 106 
Cluster 5: 109 
Cluster 6: 117 131 
Recomputing the centroids for each cluster...
Centroid 0 = 5.01633, 3.44082, 1.46735, 0.242857
	Members of Cluster (49): 0 17 40 4 7 39 49 27 28 35 10 48 23 26 43 1 45 12 9 34 37 29 30 2 3 47 25 8 38 42 11 6 19 21 46 13 24 36 20 31 5 18 16 32 33 44 15 14 22 
	Cluster 0 SSE = 13.6731
Centroid 1 = 4.5, 2.3, 1.3, 0.3
	Members of Cluster (1): 41 
	Cluster 1 SSE = 0
Centroid 2 = 6.28804, 2.87283, 4.93261, 1.68587
	Members of Cluster (92): 50 52 86 51 56 54 58 65 75 74 97 77 76 71 53 89 69 80 81 67 82 92 88 94 95 96 99 90 61 55 66 84 63 91 78 73 79 85 59 70 127 138 123 126 146 149 101 142 113 121 72 83 133 103 116 137 104 128 132 110 147 111 141 145 112 139 120 143 140 144 124 115 136 148 102 125 129 64 100 119 107 130 114 62 68 87 105 122 118 135 134 108 
	Cluster 2 SSE = 101.373
Centroid 3 = 5, 2.3, 3.275, 1.025
	Members of Cluster (4): 57 93 60 98 
	Cluster 3 SSE = 0.295
Centroid 4 = 4.9, 2.5, 4.5, 1.7
	Members of Cluster (1): 106 
	Cluster 4 SSE = 0
Centroid 5 = 7.2, 3.6, 6.1, 2.5
	Members of Cluster (1): 109 
	Cluster 5 SSE = 0
Centroid 6 = 7.8, 3.8, 6.55, 2.1
	Members of Cluster (2): 117 131 
	Cluster 6 SSE = 0.085
Total SSE (sum squared-distance of each row with its centroid) = 115.426
Davies-Bouldin Index: 0.296101
--------------
Iteration 143
--------------
Merging clusters 0 and 1	Distance: 0.6245
There are 6 clusters
Cluster 0: 0 17 40 4 7 39 49 27 28 35 10 48 23 26 43 1 45 12 9 34 37 29 30 2 3 47 25 8 38 42 11 6 19 21 46 13 24 36 20 31 5 18 16 32 33 44 15 14 22 41 
Cluster 1: 50 52 86 51 56 54 58 65 75 74 97 77 76 71 53 89 69 80 81 67 82 92 88 94 95 96 99 90 61 55 66 84 63 91 78 73 79 85 59 70 127 138 123 126 146 149 101 142 113 121 72 83 133 103 116 137 104 128 132 110 147 111 141 145 112 139 120 143 140 144 124 115 136 148 102 125 129 64 100 119 107 130 114 62 68 87 105 122 118 135 134 108 
Cluster 2: 57 93 60 98 
Cluster 3: 106 
Cluster 4: 109 
Cluster 5: 117 131 
Recomputing the centroids for each cluster...
Centroid 0 = 5.006, 3.418, 1.464, 0.244
	Members of Cluster (50): 0 17 40 4 7 39 49 27 28 35 10 48 23 26 43 1 45 12 9 34 37 29 30 2 3 47 25 8 38 42 11 6 19 21 46 13 24 36 20 31 5 18 16 32 33 44 15 14 22 41 
	Cluster 0 SSE = 15.2404
Centroid 1 = 6.28804, 2.87283, 4.93261, 1.68587
	Members of Cluster (92): 50 52 86 51 56 54 58 65 75 74 97 77 76 71 53 89 69 80 81 67 82 92 88 94 95 96 99 90 61 55 66 84 63 91 78 73 79 85 59 70 127 138 123 126 146 149 101 142 113 121 72 83 133 103 116 137 104 128 132 110 147 111 141 145 112 139 120 143 140 144 124 115 136 148 102 125 129 64 100 119 107 130 114 62 68 87 105 122 118 135 134 108 
	Cluster 1 SSE = 101.373
Centroid 2 = 5, 2.3, 3.275, 1.025
	Members of Cluster (4): 57 93 60 98 
	Cluster 2 SSE = 0.295
Centroid 3 = 4.9, 2.5, 4.5, 1.7
	Members of Cluster (1): 106 
	Cluster 3 SSE = 0
Centroid 4 = 7.2, 3.6, 6.1, 2.5
	Members of Cluster (1): 109 
	Cluster 4 SSE = 0
Centroid 5 = 7.8, 3.8, 6.55, 2.1
	Members of Cluster (2): 117 131 
	Cluster 5 SSE = 0.085
Total SSE (sum squared-distance of each row with its centroid) = 116.993
Davies-Bouldin Index: 0.301899
--------------
Iteration 144
--------------
Merging clusters 1 and 4	Distance: 0.632456
There are 5 clusters
Cluster 0: 0 17 40 4 7 39 49 27 28 35 10 48 23 26 43 1 45 12 9 34 37 29 30 2 3 47 25 8 38 42 11 6 19 21 46 13 24 36 20 31 5 18 16 32 33 44 15 14 22 41 
Cluster 1: 50 52 86 51 56 54 58 65 75 74 97 77 76 71 53 89 69 80 81 67 82 92 88 94 95 96 99 90 61 55 66 84 63 91 78 73 79 85 59 70 127 138 123 126 146 149 101 142 113 121 72 83 133 103 116 137 104 128 132 110 147 111 141 145 112 139 120 143 140 144 124 115 136 148 102 125 129 64 100 119 107 130 114 62 68 87 105 122 118 135 134 108 109 
Cluster 2: 57 93 60 98 
Cluster 3: 106 
Cluster 4: 117 131 
Recomputing the centroids for each cluster...
Centroid 0 = 5.006, 3.418, 1.464, 0.244
	Members of Cluster (50): 0 17 40 4 7 39 49 27 28 35 10 48 23 26 43 1 45 12 9 34 37 29 30 2 3 47 25 8 38 42 11 6 19 21 46 13 24 36 20 31 5 18 16 32 33 44 15 14 22 41 
	Cluster 0 SSE = 15.2404
Centroid 1 = 6.29785, 2.88065, 4.94516, 1.69462
	Members of Cluster (93): 50 52 86 51 56 54 58 65 75 74 97 77 76 71 53 89 69 80 81 67 82 92 88 94 95 96 99 90 61 55 66 84 63 91 78 73 79 85 59 70 127 138 123 126 146 149 101 142 113 121 72 83 133 103 116 137 104 128 132 110 147 111 141 145 112 139 120 143 140 144 124 115 136 148 102 125 129 64 100 119 107 130 114 62 68 87 105 122 118 135 134 108 109 
	Cluster 1 SSE = 104.722
Centroid 2 = 5, 2.3, 3.275, 1.025
	Members of Cluster (4): 57 93 60 98 
	Cluster 2 SSE = 0.295
Centroid 3 = 4.9, 2.5, 4.5, 1.7
	Members of Cluster (1): 106 
	Cluster 3 SSE = 0
Centroid 4 = 7.8, 3.8, 6.55, 2.1
	Members of Cluster (2): 117 131 
	Cluster 4 SSE = 0.085
Total SSE (sum squared-distance of each row with its centroid) = 120.343
Davies-Bouldin Index: 0.299403
--------------
Iteration 145
--------------
Merging clusters 1 and 2	Distance: 0.648074
There are 4 clusters
Cluster 0: 0 17 40 4 7 39 49 27 28 35 10 48 23 26 43 1 45 12 9 34 37 29 30 2 3 47 25 8 38 42 11 6 19 21 46 13 24 36 20 31 5 18 16 32 33 44 15 14 22 41 
Cluster 1: 50 52 86 51 56 54 58 65 75 74 97 77 76 71 53 89 69 80 81 67 82 92 88 94 95 96 99 90 61 55 66 84 63 91 78 73 79 85 59 70 127 138 123 126 146 149 101 142 113 121 72 83 133 103 116 137 104 128 132 110 147 111 141 145 112 139 120 143 140 144 124 115 136 148 102 125 129 64 100 119 107 130 114 62 68 87 105 122 118 135 134 108 109 57 93 60 98 
Cluster 2: 106 
Cluster 3: 117 131 
Recomputing the centroids for each cluster...
Centroid 0 = 5.006, 3.418, 1.464, 0.244
	Members of Cluster (50): 0 17 40 4 7 39 49 27 28 35 10 48 23 26 43 1 45 12 9 34 37 29 30 2 3 47 25 8 38 42 11 6 19 21 46 13 24 36 20 31 5 18 16 32 33 44 15 14 22 41 
	Cluster 0 SSE = 15.2404
Centroid 1 = 6.24433, 2.8567, 4.87629, 1.66701
	Members of Cluster (97): 50 52 86 51 56 54 58 65 75 74 97 77 76 71 53 89 69 80 81 67 82 92 88 94 95 96 99 90 61 55 66 84 63 91 78 73 79 85 59 70 127 138 123 126 146 149 101 142 113 121 72 83 133 103 116 137 104 128 132 110 147 111 141 145 112 139 120 143 140 144 124 115 136 148 102 125 129 64 100 119 107 130 114 62 68 87 105 122 118 135 134 108 109 57 93 60 98 
	Cluster 1 SSE = 125.187
Centroid 2 = 4.9, 2.5, 4.5, 1.7
	Members of Cluster (1): 106 
	Cluster 2 SSE = 0
Centroid 3 = 7.8, 3.8, 6.55, 2.1
	Members of Cluster (2): 117 131 
	Cluster 3 SSE = 0.085
Total SSE (sum squared-distance of each row with its centroid) = 140.513
Davies-Bouldin Index: 0.389281
--------------
Iteration 146
--------------
Merging clusters 1 and 2	Distance: 0.734847
There are 3 clusters
Cluster 0: 0 17 40 4 7 39 49 27 28 35 10 48 23 26 43 1 45 12 9 34 37 29 30 2 3 47 25 8 38 42 11 6 19 21 46 13 24 36 20 31 5 18 16 32 33 44 15 14 22 41 
Cluster 1: 50 52 86 51 56 54 58 65 75 74 97 77 76 71 53 89 69 80 81 67 82 92 88 94 95 96 99 90 61 55 66 84 63 91 78 73 79 85 59 70 127 138 123 126 146 149 101 142 113 121 72 83 133 103 116 137 104 128 132 110 147 111 141 145 112 139 120 143 140 144 124 115 136 148 102 125 129 64 100 119 107 130 114 62 68 87 105 122 118 135 134 108 109 57 93 60 98 106 
Cluster 2: 117 131 
Recomputing the centroids for each cluster...
Centroid 0 = 5.006, 3.418, 1.464, 0.244
	Members of Cluster (50): 0 17 40 4 7 39 49 27 28 35 10 48 23 26 43 1 45 12 9 34 37 29 30 2 3 47 25 8 38 42 11 6 19 21 46 13 24 36 20 31 5 18 16 32 33 44 15 14 22 41 
	Cluster 0 SSE = 15.2404
Centroid 1 = 6.23061, 2.85306, 4.87245, 1.66735
	Members of Cluster (98): 50 52 86 51 56 54 58 65 75 74 97 77 76 71 53 89 69 80 81 67 82 92 88 94 95 96 99 90 61 55 66 84 63 91 78 73 79 85 59 70 127 138 123 126 146 149 101 142 113 121 72 83 133 103 116 137 104 128 132 110 147 111 141 145 112 139 120 143 140 144 124 115 136 148 102 125 129 64 100 119 107 130 114 62 68 87 105 122 118 135 134 108 109 57 93 60 98 106 
	Cluster 1 SSE = 127.243
Centroid 2 = 7.8, 3.8, 6.55, 2.1
	Members of Cluster (2): 117 131 
	Cluster 2 SSE = 0.085
Total SSE (sum squared-distance of each row with its centroid) = 142.569
Davies-Bouldin Index: 0.175095
--------------
Iteration 147
--------------
Merging clusters 1 and 2	Distance: 0.818535
There are 2 clusters
Cluster 0: 0 17 40 4 7 39 49 27 28 35 10 48 23 26 43 1 45 12 9 34 37 29 30 2 3 47 25 8 38 42 11 6 19 21 46 13 24 36 20 31 5 18 16 32 33 44 15 14 22 41 
Cluster 1: 50 52 86 51 56 54 58 65 75 74 97 77 76 71 53 89 69 80 81 67 82 92 88 94 95 96 99 90 61 55 66 84 63 91 78 73 79 85 59 70 127 138 123 126 146 149 101 142 113 121 72 83 133 103 116 137 104 128 132 110 147 111 141 145 112 139 120 143 140 144 124 115 136 148 102 125 129 64 100 119 107 130 114 62 68 87 105 122 118 135 134 108 109 57 93 60 98 106 117 131 
Recomputing the centroids for each cluster...
Centroid 0 = 5.006, 3.418, 1.464, 0.244
	Members of Cluster (50): 0 17 40 4 7 39 49 27 28 35 10 48 23 26 43 1 45 12 9 34 37 29 30 2 3 47 25 8 38 42 11 6 19 21 46 13 24 36 20 31 5 18 16 32 33 44 15 14 22 41 
	Cluster 0 SSE = 15.2404
Centroid 1 = 6.262, 2.872, 4.906, 1.676
	Members of Cluster (100): 50 52 86 51 56 54 58 65 75 74 97 77 76 71 53 89 69 80 81 67 82 92 88 94 95 96 99 90 61 55 66 84 63 91 78 73 79 85 59 70 127 138 123 126 146 149 101 142 113 121 72 83 133 103 116 137 104 128 132 110 147 111 141 145 112 139 120 143 140 144 124 115 136 148 102 125 129 64 100 119 107 130 114 62 68 87 105 122 118 135 134 108 109 57 93 60 98 106 117 131 
	Cluster 1 SSE = 139.796
Total SSE (sum squared-distance of each row with its centroid) = 155.036
Davies-Bouldin Index: 0.10795
