Dataset name: ../data/iris.arff
Number of instances (rows): 150
Number of attributes (cols): 5
Learning algorithm: clustering
Evaluation method: training
Running HAC...
There are 7 clusters
Cluster 0: 0 27 28 4 17 40 20 36 31 23 26 43 6 11 24 7 39 49 35 22 5 16 18 10 48 19 46 21 44 14 32 33 15 
Cluster 1: 1 25 45 9 34 37 12 2 47 3 29 30 8 38 13 42 41 
Cluster 2: 50 52 86 77 54 58 76 65 75 51 56 70 85 61 63 91 78 71 74 97 73 
Cluster 3: 53 89 62 67 82 92 90 94 69 80 81 79 57 93 98 60 55 96 99 88 95 66 84 59 64 68 87 72 83 
Cluster 4: 100 115 136 148 120 143 140 144 141 145 102 112 139 104 128 132 110 147 124 
Cluster 5: 101 142 121 113 114 103 116 137 127 138 149 108 133 134 111 146 123 126 119 106 
Cluster 6: 105 122 107 130 125 129 118 135 109 117 131 
Recomputing the centroids for each cluster...
Centroid 0 = 0.242424, 0.674242, 0.0826913, 0.0732323, Iris-setosa
	Members of Cluster (33): 0 27 28 4 17 40 20 36 31 23 26 43 6 11 24 7 39 49 35 22 5 16 18 10 48 19 46 21 44 14 32 33 15 
	Cluster 0 SSE = 0.743819
Centroid 1 = 0.106209, 0.428922, 0.0707876, 0.0343137, Iris-setosa
	Members of Cluster (17): 1 25 45 9 34 37 12 2 47 3 29 30 8 38 13 42 41 
	Cluster 1 SSE = 0.199128
Centroid 2 = 0.578042, 0.422619, 0.60452, 0.563492, Iris-versicolor
	Members of Cluster (21): 50 52 86 77 54 58 76 65 75 51 56 70 85 61 63 91 78 71 74 97 73 
	Cluster 2 SSE = 0.391779
Centroid 3 = 0.364943, 0.247126, 0.514904, 0.472701, Iris-versicolor
	Members of Cluster (29): 53 89 62 67 82 92 90 94 69 80 81 79 57 93 98 60 55 96 99 88 95 66 84 59 64 68 87 72 83 
	Cluster 3 SSE = 0.970299
Centroid 4 = 0.643275, 0.469298, 0.769848, 0.890351, Iris-virginica
	Members of Cluster (19): 100 115 136 148 120 143 140 144 141 145 102 112 139 104 128 132 110 147 124 
	Cluster 4 SSE = 0.295824
Centroid 5 = 0.4875, 0.308333, 0.7, 0.714583, Iris-virginica
	Members of Cluster (20): 101 142 121 113 114 103 116 137 127 138 149 108 133 134 111 146 123 126 119 106 
	Cluster 5 SSE = 0.605145
Centroid 6 = 0.891414, 0.473485, 0.904468, 0.810606, Iris-virginica
	Members of Cluster (11): 105 122 107 130 125 129 118 135 109 117 131 
	Cluster 6 SSE = 0.507637
Total SSE (sum squared-distance of each row with its centroid) = 3.71363
Davies-Bouldin Index: 0.563779
--------------
Iteration 143
--------------
Merging clusters 4 and 6	Distance: 0.610371
There are 6 clusters
Cluster 0: 0 27 28 4 17 40 20 36 31 23 26 43 6 11 24 7 39 49 35 22 5 16 18 10 48 19 46 21 44 14 32 33 15 
Cluster 1: 1 25 45 9 34 37 12 2 47 3 29 30 8 38 13 42 41 
Cluster 2: 50 52 86 77 54 58 76 65 75 51 56 70 85 61 63 91 78 71 74 97 73 
Cluster 3: 53 89 62 67 82 92 90 94 69 80 81 79 57 93 98 60 55 96 99 88 95 66 84 59 64 68 87 72 83 
Cluster 4: 100 115 136 148 120 143 140 144 141 145 102 112 139 104 128 132 110 147 124 105 122 107 130 125 129 118 135 109 117 131 
Cluster 5: 101 142 121 113 114 103 116 137 127 138 149 108 133 134 111 146 123 126 119 106 
Recomputing the centroids for each cluster...
Centroid 0 = 0.242424, 0.674242, 0.0826913, 0.0732323, Iris-setosa
	Members of Cluster (33): 0 27 28 4 17 40 20 36 31 23 26 43 6 11 24 7 39 49 35 22 5 16 18 10 48 19 46 21 44 14 32 33 15 
	Cluster 0 SSE = 0.743819
Centroid 1 = 0.106209, 0.428922, 0.0707876, 0.0343137, Iris-setosa
	Members of Cluster (17): 1 25 45 9 34 37 12 2 47 3 29 30 8 38 13 42 41 
	Cluster 1 SSE = 0.199128
Centroid 2 = 0.578042, 0.422619, 0.60452, 0.563492, Iris-versicolor
	Members of Cluster (21): 50 52 86 77 54 58 76 65 75 51 56 70 85 61 63 91 78 71 74 97 73 
	Cluster 2 SSE = 0.391779
Centroid 3 = 0.364943, 0.247126, 0.514904, 0.472701, Iris-versicolor
	Members of Cluster (29): 53 89 62 67 82 92 90 94 69 80 81 79 57 93 98 60 55 96 99 88 95 66 84 59 64 68 87 72 83 
	Cluster 3 SSE = 0.970299
Centroid 4 = 0.734259, 0.470833, 0.819209, 0.861111, Iris-virginica
	Members of Cluster (30): 100 115 136 148 120 143 140 144 141 145 102 112 139 104 128 132 110 147 124 105 122 107 130 125 129 118 135 109 117 131 
	Cluster 4 SSE = 1.4031
Centroid 5 = 0.4875, 0.308333, 0.7, 0.714583, Iris-virginica
	Members of Cluster (20): 101 142 121 113 114 103 116 137 127 138 149 108 133 134 111 146 123 126 119 106 
	Cluster 5 SSE = 0.605145
Total SSE (sum squared-distance of each row with its centroid) = 4.31327
Davies-Bouldin Index: 0.538643
--------------
Iteration 144
--------------
Merging clusters 2 and 3	Distance: 0.79233
There are 5 clusters
Cluster 0: 0 27 28 4 17 40 20 36 31 23 26 43 6 11 24 7 39 49 35 22 5 16 18 10 48 19 46 21 44 14 32 33 15 
Cluster 1: 1 25 45 9 34 37 12 2 47 3 29 30 8 38 13 42 41 
Cluster 2: 50 52 86 77 54 58 76 65 75 51 56 70 85 61 63 91 78 71 74 97 73 53 89 62 67 82 92 90 94 69 80 81 79 57 93 98 60 55 96 99 88 95 66 84 59 64 68 87 72 83 
Cluster 3: 100 115 136 148 120 143 140 144 141 145 102 112 139 104 128 132 110 147 124 105 122 107 130 125 129 118 135 109 117 131 
Cluster 4: 101 142 121 113 114 103 116 137 127 138 149 108 133 134 111 146 123 126 119 106 
Recomputing the centroids for each cluster...
Centroid 0 = 0.242424, 0.674242, 0.0826913, 0.0732323, Iris-setosa
	Members of Cluster (33): 0 27 28 4 17 40 20 36 31 23 26 43 6 11 24 7 39 49 35 22 5 16 18 10 48 19 46 21 44 14 32 33 15 
	Cluster 0 SSE = 0.743819
Centroid 1 = 0.106209, 0.428922, 0.0707876, 0.0343137, Iris-setosa
	Members of Cluster (17): 1 25 45 9 34 37 12 2 47 3 29 30 8 38 13 42 41 
	Cluster 1 SSE = 0.199128
Centroid 2 = 0.454444, 0.320833, 0.552542, 0.510833, Iris-versicolor
	Members of Cluster (50): 50 52 86 77 54 58 76 65 75 51 56 70 85 61 63 91 78 71 74 97 73 53 89 62 67 82 92 90 94 69 80 81 79 57 93 98 60 55 96 99 88 95 66 84 59 64 68 87 72 83 
	Cluster 2 SSE = 2.48852
Centroid 3 = 0.734259, 0.470833, 0.819209, 0.861111, Iris-virginica
	Members of Cluster (30): 100 115 136 148 120 143 140 144 141 145 102 112 139 104 128 132 110 147 124 105 122 107 130 125 129 118 135 109 117 131 
	Cluster 3 SSE = 1.4031
Centroid 4 = 0.4875, 0.308333, 0.7, 0.714583, Iris-virginica
	Members of Cluster (20): 101 142 121 113 114 103 116 137 127 138 149 108 133 134 111 146 123 126 119 106 
	Cluster 4 SSE = 0.605145
Total SSE (sum squared-distance of each row with its centroid) = 5.43971
Davies-Bouldin Index: 0.436006
--------------
Iteration 145
--------------
Merging clusters 0 and 1	Distance: 0.937881
There are 4 clusters
Cluster 0: 0 27 28 4 17 40 20 36 31 23 26 43 6 11 24 7 39 49 35 22 5 16 18 10 48 19 46 21 44 14 32 33 15 1 25 45 9 34 37 12 2 47 3 29 30 8 38 13 42 41 
Cluster 1: 50 52 86 77 54 58 76 65 75 51 56 70 85 61 63 91 78 71 74 97 73 53 89 62 67 82 92 90 94 69 80 81 79 57 93 98 60 55 96 99 88 95 66 84 59 64 68 87 72 83 
Cluster 2: 100 115 136 148 120 143 140 144 141 145 102 112 139 104 128 132 110 147 124 105 122 107 130 125 129 118 135 109 117 131 
Cluster 3: 101 142 121 113 114 103 116 137 127 138 149 108 133 134 111 146 123 126 119 106 
Recomputing the centroids for each cluster...
Centroid 0 = 0.196111, 0.590833, 0.0786441, 0.06, Iris-setosa
	Members of Cluster (50): 0 27 28 4 17 40 20 36 31 23 26 43 6 11 24 7 39 49 35 22 5 16 18 10 48 19 46 21 44 14 32 33 15 1 25 45 9 34 37 12 2 47 3 29 30 8 38 13 42 41 
	Cluster 0 SSE = 1.84496
Centroid 1 = 0.454444, 0.320833, 0.552542, 0.510833, Iris-versicolor
	Members of Cluster (50): 50 52 86 77 54 58 76 65 75 51 56 70 85 61 63 91 78 71 74 97 73 53 89 62 67 82 92 90 94 69 80 81 79 57 93 98 60 55 96 99 88 95 66 84 59 64 68 87 72 83 
	Cluster 1 SSE = 2.48852
Centroid 2 = 0.734259, 0.470833, 0.819209, 0.861111, Iris-virginica
	Members of Cluster (30): 100 115 136 148 120 143 140 144 141 145 102 112 139 104 128 132 110 147 124 105 122 107 130 125 129 118 135 109 117 131 
	Cluster 2 SSE = 1.4031
Centroid 3 = 0.4875, 0.308333, 0.7, 0.714583, Iris-virginica
	Members of Cluster (20): 101 142 121 113 114 103 116 137 127 138 149 108 133 134 111 146 123 126 119 106 
	Cluster 3 SSE = 0.605145
Total SSE (sum squared-distance of each row with its centroid) = 6.34173
Davies-Bouldin Index: 0.345794
--------------
Iteration 146
--------------
Merging clusters 2 and 3	Distance: 1.05223
There are 3 clusters
Cluster 0: 0 27 28 4 17 40 20 36 31 23 26 43 6 11 24 7 39 49 35 22 5 16 18 10 48 19 46 21 44 14 32 33 15 1 25 45 9 34 37 12 2 47 3 29 30 8 38 13 42 41 
Cluster 1: 50 52 86 77 54 58 76 65 75 51 56 70 85 61 63 91 78 71 74 97 73 53 89 62 67 82 92 90 94 69 80 81 79 57 93 98 60 55 96 99 88 95 66 84 59 64 68 87 72 83 
Cluster 2: 100 115 136 148 120 143 140 144 141 145 102 112 139 104 128 132 110 147 124 105 122 107 130 125 129 118 135 109 117 131 101 142 121 113 114 103 116 137 127 138 149 108 133 134 111 146 123 126 119 106 
Recomputing the centroids for each cluster...
Centroid 0 = 0.196111, 0.590833, 0.0786441, 0.06, Iris-setosa
	Members of Cluster (50): 0 27 28 4 17 40 20 36 31 23 26 43 6 11 24 7 39 49 35 22 5 16 18 10 48 19 46 21 44 14 32 33 15 1 25 45 9 34 37 12 2 47 3 29 30 8 38 13 42 41 
	Cluster 0 SSE = 1.84496
Centroid 1 = 0.454444, 0.320833, 0.552542, 0.510833, Iris-versicolor
	Members of Cluster (50): 50 52 86 77 54 58 76 65 75 51 56 70 85 61 63 91 78 71 74 97 73 53 89 62 67 82 92 90 94 69 80 81 79 57 93 98 60 55 96 99 88 95 66 84 59 64 68 87 72 83 
	Cluster 1 SSE = 2.48852
Centroid 2 = 0.635556, 0.405833, 0.771525, 0.8025, Iris-virginica
	Members of Cluster (50): 100 115 136 148 120 143 140 144 141 145 102 112 139 104 128 132 110 147 124 105 122 107 130 125 129 118 135 109 117 131 101 142 121 113 114 103 116 137 127 138 149 108 133 134 111 146 123 126 119 106 
	Cluster 2 SSE = 3.48397
Total SSE (sum squared-distance of each row with its centroid) = 7.81746
Davies-Bouldin Index: 0.0863167
--------------
Iteration 147
--------------
Merging clusters 0 and 1	Distance: 1.52584
There are 2 clusters
Cluster 0: 0 27 28 4 17 40 20 36 31 23 26 43 6 11 24 7 39 49 35 22 5 16 18 10 48 19 46 21 44 14 32 33 15 1 25 45 9 34 37 12 2 47 3 29 30 8 38 13 42 41 50 52 86 77 54 58 76 65 75 51 56 70 85 61 63 91 78 71 74 97 73 53 89 62 67 82 92 90 94 69 80 81 79 57 93 98 60 55 96 99 88 95 66 84 59 64 68 87 72 83 
Cluster 1: 100 115 136 148 120 143 140 144 141 145 102 112 139 104 128 132 110 147 124 105 122 107 130 125 129 118 135 109 117 131 101 142 121 113 114 103 116 137 127 138 149 108 133 134 111 146 123 126 119 106 
Recomputing the centroids for each cluster...
Centroid 0 = 0.325278, 0.455833, 0.315593, 0.285417, Iris-setosa
	Members of Cluster (100): 0 27 28 4 17 40 20 36 31 23 26 43 6 11 24 7 39 49 35 22 5 16 18 10 48 19 46 21 44 14 32 33 15 1 25 45 9 34 37 12 2 47 3 29 30 8 38 13 42 41 50 52 86 77 54 58 76 65 75 51 56 70 85 61 63 91 78 71 74 97 73 53 89 62 67 82 92 90 94 69 80 81 79 57 93 98 60 55 96 99 88 95 66 84 59 64 68 87 72 83 
	Cluster 0 SSE = 68.5201
Centroid 1 = 0.635556, 0.405833, 0.771525, 0.8025, Iris-virginica
	Members of Cluster (50): 100 115 136 148 120 143 140 144 141 145 102 112 139 104 128 132 110 147 124 105 122 107 130 125 129 118 135 109 117 131 101 142 121 113 114 103 116 137 127 138 149 108 133 134 111 146 123 126 119 106 
	Cluster 1 SSE = 3.48397
Total SSE (sum squared-distance of each row with its centroid) = 72.0041
Davies-Bouldin Index: 0.479587
