Dataset name: ../data/iris.arff
Number of instances (rows): 150
Number of attributes (cols): 5
Learning algorithm: clustering
Evaluation method: training
Running HAC...
There are 7 clusters
Cluster 0: 0 27 17 40 7 39 28 49 4 35 11 24 23 26 20 6 1 25 45 12 2 47 29 3 30 9 34 37 42 8 38 13 36 10 48 19 46 21 44 31 43 5 16 18 22 14 32 33 15 
Cluster 1: 41 
Cluster 2: 50 52 86 65 75 58 71 74 97 61 63 91 78 76 73 54 66 84 51 56 85 133 83 53 89 55 88 95 94 96 99 82 92 90 69 80 81 67 79 64 77 70 127 138 149 111 123 126 146 104 128 132 112 139 120 143 140 141 145 144 124 103 116 137 110 147 102 100 136 148 115 59 134 72 101 142 121 113 68 87 119 105 122 135 107 130 125 129 108 118 57 93 98 60 62 
Cluster 3: 106 
Cluster 4: 109 
Cluster 5: 114 
Cluster 6: 117 131 
Recomputing the centroids for each cluster...
Centroid 0 = 0.19898, 0.60034, 0.0792113, 0.0595238
	Members of Cluster (49): 0 27 17 40 7 39 28 49 4 35 11 24 23 26 20 6 1 25 45 12 2 47 29 3 30 9 34 37 42 8 38 13 36 10 48 19 46 21 44 31 43 5 16 18 22 14 32 33 15 
	Cluster 0 SSE = 1.60203
Centroid 1 = 0.0555556, 0.125, 0.0508475, 0.0833333
	Members of Cluster (1): 41 
	Cluster 1 SSE = 0
Centroid 2 = 0.538596, 0.353947, 0.654416, 0.646053
	Members of Cluster (95): 50 52 86 65 75 58 71 74 97 61 63 91 78 76 73 54 66 84 51 56 85 133 83 53 89 55 88 95 94 96 99 82 92 90 69 80 81 67 79 64 77 70 127 138 149 111 123 126 146 104 128 132 112 139 120 143 140 141 145 144 124 103 116 137 110 147 102 100 136 148 115 59 134 72 101 142 121 113 68 87 119 105 122 135 107 130 125 129 108 118 57 93 98 60 62 
	Cluster 2 SSE = 8.78199
Centroid 3 = 0.166667, 0.208333, 0.59322, 0.666667
	Members of Cluster (1): 106 
	Cluster 3 SSE = 0
Centroid 4 = 0.805556, 0.666667, 0.864407, 1
	Members of Cluster (1): 109 
	Cluster 4 SSE = 0
Centroid 5 = 0.416667, 0.333333, 0.694915, 0.958333
	Members of Cluster (1): 114 
	Cluster 5 SSE = 0
Centroid 6 = 0.972222, 0.75, 0.940678, 0.833333
	Members of Cluster (2): 117 131 
	Cluster 6 SSE = 0.00630816
Total SSE (sum squared-distance of each row with its centroid) = 10.3903
Davies-Bouldin Index: 0.419876
--------------
Iteration 143
--------------
Merging clusters 2 and 5	Distance: 0.178923
There are 6 clusters
Cluster 0: 0 27 17 40 7 39 28 49 4 35 11 24 23 26 20 6 1 25 45 12 2 47 29 3 30 9 34 37 42 8 38 13 36 10 48 19 46 21 44 31 43 5 16 18 22 14 32 33 15 
Cluster 1: 41 
Cluster 2: 50 52 86 65 75 58 71 74 97 61 63 91 78 76 73 54 66 84 51 56 85 133 83 53 89 55 88 95 94 96 99 82 92 90 69 80 81 67 79 64 77 70 127 138 149 111 123 126 146 104 128 132 112 139 120 143 140 141 145 144 124 103 116 137 110 147 102 100 136 148 115 59 134 72 101 142 121 113 68 87 119 105 122 135 107 130 125 129 108 118 57 93 98 60 62 114 
Cluster 3: 106 
Cluster 4: 109 
Cluster 5: 117 131 
Recomputing the centroids for each cluster...
Centroid 0 = 0.19898, 0.60034, 0.0792113, 0.0595238
	Members of Cluster (49): 0 27 17 40 7 39 28 49 4 35 11 24 23 26 20 6 1 25 45 12 2 47 29 3 30 9 34 37 42 8 38 13 36 10 48 19 46 21 44 31 43 5 16 18 22 14 32 33 15 
	Cluster 0 SSE = 1.60203
Centroid 1 = 0.0555556, 0.125, 0.0508475, 0.0833333
	Members of Cluster (1): 41 
	Cluster 1 SSE = 0
Centroid 2 = 0.537326, 0.353733, 0.654838, 0.649306
	Members of Cluster (96): 50 52 86 65 75 58 71 74 97 61 63 91 78 76 73 54 66 84 51 56 85 133 83 53 89 55 88 95 94 96 99 82 92 90 69 80 81 67 79 64 77 70 127 138 149 111 123 126 146 104 128 132 112 139 120 143 140 141 145 144 124 103 116 137 110 147 102 100 136 148 115 59 134 72 101 142 121 113 68 87 119 105 122 135 107 130 125 129 108 118 57 93 98 60 62 114 
	Cluster 2 SSE = 8.89525
Centroid 3 = 0.166667, 0.208333, 0.59322, 0.666667
	Members of Cluster (1): 106 
	Cluster 3 SSE = 0
Centroid 4 = 0.805556, 0.666667, 0.864407, 1
	Members of Cluster (1): 109 
	Cluster 4 SSE = 0
Centroid 5 = 0.972222, 0.75, 0.940678, 0.833333
	Members of Cluster (2): 117 131 
	Cluster 5 SSE = 0.00630816
Total SSE (sum squared-distance of each row with its centroid) = 10.5036
Davies-Bouldin Index: 0.316792
--------------
Iteration 144
--------------
Merging clusters 2 and 4	Distance: 0.198775
There are 5 clusters
Cluster 0: 0 27 17 40 7 39 28 49 4 35 11 24 23 26 20 6 1 25 45 12 2 47 29 3 30 9 34 37 42 8 38 13 36 10 48 19 46 21 44 31 43 5 16 18 22 14 32 33 15 
Cluster 1: 41 
Cluster 2: 50 52 86 65 75 58 71 74 97 61 63 91 78 76 73 54 66 84 51 56 85 133 83 53 89 55 88 95 94 96 99 82 92 90 69 80 81 67 79 64 77 70 127 138 149 111 123 126 146 104 128 132 112 139 120 143 140 141 145 144 124 103 116 137 110 147 102 100 136 148 115 59 134 72 101 142 121 113 68 87 119 105 122 135 107 130 125 129 108 118 57 93 98 60 62 114 109 
Cluster 3: 106 
Cluster 4: 117 131 
Recomputing the centroids for each cluster...
Centroid 0 = 0.19898, 0.60034, 0.0792113, 0.0595238
	Members of Cluster (49): 0 27 17 40 7 39 28 49 4 35 11 24 23 26 20 6 1 25 45 12 2 47 29 3 30 9 34 37 42 8 38 13 36 10 48 19 46 21 44 31 43 5 16 18 22 14 32 33 15 
	Cluster 0 SSE = 1.60203
Centroid 1 = 0.0555556, 0.125, 0.0508475, 0.0833333
	Members of Cluster (1): 41 
	Cluster 1 SSE = 0
Centroid 2 = 0.540092, 0.356959, 0.656998, 0.652921
	Members of Cluster (97): 50 52 86 65 75 58 71 74 97 61 63 91 78 76 73 54 66 84 51 56 85 133 83 53 89 55 88 95 94 96 99 82 92 90 69 80 81 67 79 64 77 70 127 138 149 111 123 126 146 104 128 132 112 139 120 143 140 141 145 144 124 103 116 137 110 147 102 100 136 148 115 59 134 72 101 142 121 113 68 87 119 105 122 135 107 130 125 129 108 118 57 93 98 60 62 114 109 
	Cluster 2 SSE = 9.22856
Centroid 3 = 0.166667, 0.208333, 0.59322, 0.666667
	Members of Cluster (1): 106 
	Cluster 3 SSE = 0
Centroid 4 = 0.972222, 0.75, 0.940678, 0.833333
	Members of Cluster (2): 117 131 
	Cluster 4 SSE = 0.00630816
Total SSE (sum squared-distance of each row with its centroid) = 10.8369
Davies-Bouldin Index: 0.328872
--------------
Iteration 145
--------------
Merging clusters 2 and 3	Distance: 0.199639
There are 4 clusters
Cluster 0: 0 27 17 40 7 39 28 49 4 35 11 24 23 26 20 6 1 25 45 12 2 47 29 3 30 9 34 37 42 8 38 13 36 10 48 19 46 21 44 31 43 5 16 18 22 14 32 33 15 
Cluster 1: 41 
Cluster 2: 50 52 86 65 75 58 71 74 97 61 63 91 78 76 73 54 66 84 51 56 85 133 83 53 89 55 88 95 94 96 99 82 92 90 69 80 81 67 79 64 77 70 127 138 149 111 123 126 146 104 128 132 112 139 120 143 140 141 145 144 124 103 116 137 110 147 102 100 136 148 115 59 134 72 101 142 121 113 68 87 119 105 122 135 107 130 125 129 108 118 57 93 98 60 62 114 109 106 
Cluster 3: 117 131 
Recomputing the centroids for each cluster...
Centroid 0 = 0.19898, 0.60034, 0.0792113, 0.0595238
	Members of Cluster (49): 0 27 17 40 7 39 28 49 4 35 11 24 23 26 20 6 1 25 45 12 2 47 29 3 30 9 34 37 42 8 38 13 36 10 48 19 46 21 44 31 43 5 16 18 22 14 32 33 15 
	Cluster 0 SSE = 1.60203
Centroid 1 = 0.0555556, 0.125, 0.0508475, 0.0833333
	Members of Cluster (1): 41 
	Cluster 1 SSE = 0
Centroid 2 = 0.536281, 0.355442, 0.656347, 0.653061
	Members of Cluster (98): 50 52 86 65 75 58 71 74 97 61 63 91 78 76 73 54 66 84 51 56 85 133 83 53 89 55 88 95 94 96 99 82 92 90 69 80 81 67 79 64 77 70 127 138 149 111 123 126 146 104 128 132 112 139 120 143 140 141 145 144 124 103 116 137 110 147 102 100 136 148 115 59 134 72 101 142 121 113 68 87 119 105 122 135 107 130 125 129 108 118 57 93 98 60 62 114 109 106 
	Cluster 2 SSE = 9.39266
Centroid 3 = 0.972222, 0.75, 0.940678, 0.833333
	Members of Cluster (2): 117 131 
	Cluster 3 SSE = 0.00630816
Total SSE (sum squared-distance of each row with its centroid) = 11.001
Davies-Bouldin Index: 0.178202
--------------
Iteration 146
--------------
Merging clusters 2 and 3	Distance: 0.228476
There are 3 clusters
Cluster 0: 0 27 17 40 7 39 28 49 4 35 11 24 23 26 20 6 1 25 45 12 2 47 29 3 30 9 34 37 42 8 38 13 36 10 48 19 46 21 44 31 43 5 16 18 22 14 32 33 15 
Cluster 1: 41 
Cluster 2: 50 52 86 65 75 58 71 74 97 61 63 91 78 76 73 54 66 84 51 56 85 133 83 53 89 55 88 95 94 96 99 82 92 90 69 80 81 67 79 64 77 70 127 138 149 111 123 126 146 104 128 132 112 139 120 143 140 141 145 144 124 103 116 137 110 147 102 100 136 148 115 59 134 72 101 142 121 113 68 87 119 105 122 135 107 130 125 129 108 118 57 93 98 60 62 114 109 106 117 131 
Recomputing the centroids for each cluster...
Centroid 0 = 0.19898, 0.60034, 0.0792113, 0.0595238
	Members of Cluster (49): 0 27 17 40 7 39 28 49 4 35 11 24 23 26 20 6 1 25 45 12 2 47 29 3 30 9 34 37 42 8 38 13 36 10 48 19 46 21 44 31 43 5 16 18 22 14 32 33 15 
	Cluster 0 SSE = 1.60203
Centroid 1 = 0.0555556, 0.125, 0.0508475, 0.0833333
	Members of Cluster (1): 41 
	Cluster 1 SSE = 0
Centroid 2 = 0.545, 0.363333, 0.662034, 0.656667
	Members of Cluster (100): 50 52 86 65 75 58 71 74 97 61 63 91 78 76 73 54 66 84 51 56 85 133 83 53 89 55 88 95 94 96 99 82 92 90 69 80 81 67 79 64 77 70 127 138 149 111 123 126 146 104 128 132 112 139 120 143 140 141 145 144 124 103 116 137 110 147 102 100 136 148 115 59 134 72 101 142 121 113 68 87 119 105 122 135 107 130 125 129 108 118 57 93 98 60 62 114 109 106 117 131 
	Cluster 2 SSE = 10.2987
Total SSE (sum squared-distance of each row with its centroid) = 11.9008
Davies-Bouldin Index: 0.147676
--------------
Iteration 147
--------------
Merging clusters 0 and 1	Distance: 0.255529
There are 2 clusters
Cluster 0: 0 27 17 40 7 39 28 49 4 35 11 24 23 26 20 6 1 25 45 12 2 47 29 3 30 9 34 37 42 8 38 13 36 10 48 19 46 21 44 31 43 5 16 18 22 14 32 33 15 41 
Cluster 1: 50 52 86 65 75 58 71 74 97 61 63 91 78 76 73 54 66 84 51 56 85 133 83 53 89 55 88 95 94 96 99 82 92 90 69 80 81 67 79 64 77 70 127 138 149 111 123 126 146 104 128 132 112 139 120 143 140 141 145 144 124 103 116 137 110 147 102 100 136 148 115 59 134 72 101 142 121 113 68 87 119 105 122 135 107 130 125 129 108 118 57 93 98 60 62 114 109 106 117 131 
Recomputing the centroids for each cluster...
Centroid 0 = 0.196111, 0.590833, 0.0786441, 0.06
	Members of Cluster (50): 0 27 17 40 7 39 28 49 4 35 11 24 23 26 20 6 1 25 45 12 2 47 29 3 30 9 34 37 42 8 38 13 36 10 48 19 46 21 44 31 43 5 16 18 22 14 32 33 15 41 
	Cluster 0 SSE = 1.84496
Centroid 1 = 0.545, 0.363333, 0.662034, 0.656667
	Members of Cluster (100): 50 52 86 65 75 58 71 74 97 61 63 91 78 76 73 54 66 84 51 56 85 133 83 53 89 55 88 95 94 96 99 82 92 90 69 80 81 67 79 64 77 70 127 138 149 111 123 126 146 104 128 132 112 139 120 143 140 141 145 144 124 103 116 137 110 147 102 100 136 148 115 59 134 72 101 142 121 113 68 87 119 105 122 135 107 130 125 129 108 118 57 93 98 60 62 114 109 106 117 131 
	Cluster 1 SSE = 10.2987
Total SSE (sum squared-distance of each row with its centroid) = 12.1437
Davies-Bouldin Index: 0.16082
