Dataset name: ../data/iris.arff
Number of instances (rows): 150
Number of attributes (cols): 5
Learning algorithm: clustering
Evaluation method: training
Running HAC...
There are 7 clusters
Cluster 0: 0 27 28 4 17 40 20 36 31 23 26 43 6 11 24 7 39 49 35 22 5 16 18 10 48 19 46 21 44 14 32 33 15 
Cluster 1: 1 25 45 9 34 37 12 2 47 3 29 30 8 38 13 42 41 
Cluster 2: 50 52 86 54 58 76 65 75 51 56 85 70 127 138 149 61 63 91 78 71 74 97 73 
Cluster 3: 53 89 62 68 87 119 55 96 99 88 95 66 84 59 64 67 82 92 90 94 69 80 81 79 57 93 98 60 106 
Cluster 4: 72 83 133 134 111 146 123 126 108 101 142 121 113 114 
Cluster 5: 77 110 147 103 116 137 102 112 139 104 128 132 100 115 136 148 120 143 140 144 124 141 145 
Cluster 6: 105 122 107 130 125 129 118 135 109 117 131 
Recomputing the centroids for each cluster...
Centroid 0 = 0.242424, 0.674242, 0.0826913, 0.0732323
	Members of Cluster (33): 0 27 28 4 17 40 20 36 31 23 26 43 6 11 24 7 39 49 35 22 5 16 18 10 48 19 46 21 44 14 32 33 15 
	Cluster 0 SSE = 0.743819
Centroid 1 = 0.106209, 0.428922, 0.0707876, 0.0343137
	Members of Cluster (17): 1 25 45 9 34 37 12 2 47 3 29 30 8 38 13 42 41 
	Cluster 1 SSE = 0.199128
Centroid 2 = 0.560386, 0.422101, 0.609433, 0.577899
	Members of Cluster (23): 50 52 86 54 58 76 65 75 51 56 85 70 127 138 149 61 63 91 78 71 74 97 73 
	Cluster 2 SSE = 0.466453
Centroid 3 = 0.351533, 0.239943, 0.511981, 0.474138
	Members of Cluster (29): 53 89 62 68 87 119 55 96 99 88 95 66 84 59 64 67 82 92 90 94 69 80 81 79 57 93 98 60 106 
	Cluster 3 SSE = 0.984501
Centroid 4 = 0.498016, 0.276786, 0.698547, 0.714286
	Members of Cluster (14): 72 83 133 134 111 146 123 126 108 101 142 121 113 114 
	Cluster 4 SSE = 0.312023
Centroid 5 = 0.636473, 0.460145, 0.76566, 0.856884
	Members of Cluster (23): 77 110 147 103 116 137 102 112 139 104 128 132 100 115 136 148 120 143 140 144 124 141 145 
	Cluster 5 SSE = 0.452157
Centroid 6 = 0.891414, 0.473485, 0.904468, 0.810606
	Members of Cluster (11): 105 122 107 130 125 129 118 135 109 117 131 
	Cluster 6 SSE = 0.507637
Total SSE (sum squared-distance of each row with its centroid) = 3.66572
Davies-Bouldin Index: 0.654641
--------------
Iteration 143
--------------
Merging clusters 2 and 4	Distance: 0.563113
There are 6 clusters
Cluster 0: 0 27 28 4 17 40 20 36 31 23 26 43 6 11 24 7 39 49 35 22 5 16 18 10 48 19 46 21 44 14 32 33 15 
Cluster 1: 1 25 45 9 34 37 12 2 47 3 29 30 8 38 13 42 41 
Cluster 2: 50 52 86 54 58 76 65 75 51 56 85 70 127 138 149 61 63 91 78 71 74 97 73 72 83 133 134 111 146 123 126 108 101 142 121 113 114 
Cluster 3: 53 89 62 68 87 119 55 96 99 88 95 66 84 59 64 67 82 92 90 94 69 80 81 79 57 93 98 60 106 
Cluster 4: 77 110 147 103 116 137 102 112 139 104 128 132 100 115 136 148 120 143 140 144 124 141 145 
Cluster 5: 105 122 107 130 125 129 118 135 109 117 131 
Recomputing the centroids for each cluster...
Centroid 0 = 0.242424, 0.674242, 0.0826913, 0.0732323
	Members of Cluster (33): 0 27 28 4 17 40 20 36 31 23 26 43 6 11 24 7 39 49 35 22 5 16 18 10 48 19 46 21 44 14 32 33 15 
	Cluster 0 SSE = 0.743819
Centroid 1 = 0.106209, 0.428922, 0.0707876, 0.0343137
	Members of Cluster (17): 1 25 45 9 34 37 12 2 47 3 29 30 8 38 13 42 41 
	Cluster 1 SSE = 0.199128
Centroid 2 = 0.536787, 0.367117, 0.643152, 0.629505
	Members of Cluster (37): 50 52 86 54 58 76 65 75 51 56 85 70 127 138 149 61 63 91 78 71 74 97 73 72 83 133 134 111 146 123 126 108 101 142 121 113 114 
	Cluster 2 SSE = 1.2271
Centroid 3 = 0.351533, 0.239943, 0.511981, 0.474138
	Members of Cluster (29): 53 89 62 68 87 119 55 96 99 88 95 66 84 59 64 67 82 92 90 94 69 80 81 79 57 93 98 60 106 
	Cluster 3 SSE = 0.984501
Centroid 4 = 0.636473, 0.460145, 0.76566, 0.856884
	Members of Cluster (23): 77 110 147 103 116 137 102 112 139 104 128 132 100 115 136 148 120 143 140 144 124 141 145 
	Cluster 4 SSE = 0.452157
Centroid 5 = 0.891414, 0.473485, 0.904468, 0.810606
	Members of Cluster (11): 105 122 107 130 125 129 118 135 109 117 131 
	Cluster 5 SSE = 0.507637
Total SSE (sum squared-distance of each row with its centroid) = 4.11434
Davies-Bouldin Index: 0.638973
--------------
Iteration 144
--------------
Merging clusters 4 and 5	Distance: 0.610371
There are 5 clusters
Cluster 0: 0 27 28 4 17 40 20 36 31 23 26 43 6 11 24 7 39 49 35 22 5 16 18 10 48 19 46 21 44 14 32 33 15 
Cluster 1: 1 25 45 9 34 37 12 2 47 3 29 30 8 38 13 42 41 
Cluster 2: 50 52 86 54 58 76 65 75 51 56 85 70 127 138 149 61 63 91 78 71 74 97 73 72 83 133 134 111 146 123 126 108 101 142 121 113 114 
Cluster 3: 53 89 62 68 87 119 55 96 99 88 95 66 84 59 64 67 82 92 90 94 69 80 81 79 57 93 98 60 106 
Cluster 4: 77 110 147 103 116 137 102 112 139 104 128 132 100 115 136 148 120 143 140 144 124 141 145 105 122 107 130 125 129 118 135 109 117 131 
Recomputing the centroids for each cluster...
Centroid 0 = 0.242424, 0.674242, 0.0826913, 0.0732323
	Members of Cluster (33): 0 27 28 4 17 40 20 36 31 23 26 43 6 11 24 7 39 49 35 22 5 16 18 10 48 19 46 21 44 14 32 33 15 
	Cluster 0 SSE = 0.743819
Centroid 1 = 0.106209, 0.428922, 0.0707876, 0.0343137
	Members of Cluster (17): 1 25 45 9 34 37 12 2 47 3 29 30 8 38 13 42 41 
	Cluster 1 SSE = 0.199128
Centroid 2 = 0.536787, 0.367117, 0.643152, 0.629505
	Members of Cluster (37): 50 52 86 54 58 76 65 75 51 56 85 70 127 138 149 61 63 91 78 71 74 97 73 72 83 133 134 111 146 123 126 108 101 142 121 113 114 
	Cluster 2 SSE = 1.2271
Centroid 3 = 0.351533, 0.239943, 0.511981, 0.474138
	Members of Cluster (29): 53 89 62 68 87 119 55 96 99 88 95 66 84 59 64 67 82 92 90 94 69 80 81 79 57 93 98 60 106 
	Cluster 3 SSE = 0.984501
Centroid 4 = 0.718954, 0.464461, 0.810568, 0.841912
	Members of Cluster (34): 77 110 147 103 116 137 102 112 139 104 128 132 100 115 136 148 120 143 140 144 124 141 145 105 122 107 130 125 129 118 135 109 117 131 
	Cluster 4 SSE = 1.60407
Total SSE (sum squared-distance of each row with its centroid) = 4.75861
Davies-Bouldin Index: 0.601498
--------------
Iteration 145
--------------
Merging clusters 2 and 3	Distance: 0.79233
There are 4 clusters
Cluster 0: 0 27 28 4 17 40 20 36 31 23 26 43 6 11 24 7 39 49 35 22 5 16 18 10 48 19 46 21 44 14 32 33 15 
Cluster 1: 1 25 45 9 34 37 12 2 47 3 29 30 8 38 13 42 41 
Cluster 2: 50 52 86 54 58 76 65 75 51 56 85 70 127 138 149 61 63 91 78 71 74 97 73 72 83 133 134 111 146 123 126 108 101 142 121 113 114 53 89 62 68 87 119 55 96 99 88 95 66 84 59 64 67 82 92 90 94 69 80 81 79 57 93 98 60 106 
Cluster 3: 77 110 147 103 116 137 102 112 139 104 128 132 100 115 136 148 120 143 140 144 124 141 145 105 122 107 130 125 129 118 135 109 117 131 
Recomputing the centroids for each cluster...
Centroid 0 = 0.242424, 0.674242, 0.0826913, 0.0732323
	Members of Cluster (33): 0 27 28 4 17 40 20 36 31 23 26 43 6 11 24 7 39 49 35 22 5 16 18 10 48 19 46 21 44 14 32 33 15 
	Cluster 0 SSE = 0.743819
Centroid 1 = 0.106209, 0.428922, 0.0707876, 0.0343137
	Members of Cluster (17): 1 25 45 9 34 37 12 2 47 3 29 30 8 38 13 42 41 
	Cluster 1 SSE = 0.199128
Centroid 2 = 0.455387, 0.311237, 0.585516, 0.561237
	Members of Cluster (66): 50 52 86 54 58 76 65 75 51 56 85 70 127 138 149 61 63 91 78 71 74 97 73 72 83 133 134 111 146 123 126 108 101 142 121 113 114 53 89 62 68 87 119 55 96 99 88 95 66 84 59 64 67 82 92 90 94 69 80 81 79 57 93 98 60 106 
	Cluster 2 SSE = 3.70464
Centroid 3 = 0.718954, 0.464461, 0.810568, 0.841912
	Members of Cluster (34): 77 110 147 103 116 137 102 112 139 104 128 132 100 115 136 148 120 143 140 144 124 141 145 105 122 107 130 125 129 118 135 109 117 131 
	Cluster 3 SSE = 1.60407
Total SSE (sum squared-distance of each row with its centroid) = 6.25166
Davies-Bouldin Index: 0.445327
--------------
Iteration 146
--------------
Merging clusters 0 and 1	Distance: 0.937881
There are 3 clusters
Cluster 0: 0 27 28 4 17 40 20 36 31 23 26 43 6 11 24 7 39 49 35 22 5 16 18 10 48 19 46 21 44 14 32 33 15 1 25 45 9 34 37 12 2 47 3 29 30 8 38 13 42 41 
Cluster 1: 50 52 86 54 58 76 65 75 51 56 85 70 127 138 149 61 63 91 78 71 74 97 73 72 83 133 134 111 146 123 126 108 101 142 121 113 114 53 89 62 68 87 119 55 96 99 88 95 66 84 59 64 67 82 92 90 94 69 80 81 79 57 93 98 60 106 
Cluster 2: 77 110 147 103 116 137 102 112 139 104 128 132 100 115 136 148 120 143 140 144 124 141 145 105 122 107 130 125 129 118 135 109 117 131 
Recomputing the centroids for each cluster...
Centroid 0 = 0.196111, 0.590833, 0.0786441, 0.06
	Members of Cluster (50): 0 27 28 4 17 40 20 36 31 23 26 43 6 11 24 7 39 49 35 22 5 16 18 10 48 19 46 21 44 14 32 33 15 1 25 45 9 34 37 12 2 47 3 29 30 8 38 13 42 41 
	Cluster 0 SSE = 1.84496
Centroid 1 = 0.455387, 0.311237, 0.585516, 0.561237
	Members of Cluster (66): 50 52 86 54 58 76 65 75 51 56 85 70 127 138 149 61 63 91 78 71 74 97 73 72 83 133 134 111 146 123 126 108 101 142 121 113 114 53 89 62 68 87 119 55 96 99 88 95 66 84 59 64 67 82 92 90 94 69 80 81 79 57 93 98 60 106 
	Cluster 1 SSE = 3.70464
Centroid 2 = 0.718954, 0.464461, 0.810568, 0.841912
	Members of Cluster (34): 77 110 147 103 116 137 102 112 139 104 128 132 100 115 136 148 120 143 140 144 124 141 145 105 122 107 130 125 129 118 135 109 117 131 
	Cluster 2 SSE = 1.60407
Total SSE (sum squared-distance of each row with its centroid) = 7.15367
Davies-Bouldin Index: 0.357168
--------------
Iteration 147
--------------
Merging clusters 0 and 1	Distance: 1.28712
There are 2 clusters
Cluster 0: 0 27 28 4 17 40 20 36 31 23 26 43 6 11 24 7 39 49 35 22 5 16 18 10 48 19 46 21 44 14 32 33 15 1 25 45 9 34 37 12 2 47 3 29 30 8 38 13 42 41 50 52 86 54 58 76 65 75 51 56 85 70 127 138 149 61 63 91 78 71 74 97 73 72 83 133 134 111 146 123 126 108 101 142 121 113 114 53 89 62 68 87 119 55 96 99 88 95 66 84 59 64 67 82 92 90 94 69 80 81 79 57 93 98 60 106 
Cluster 1: 77 110 147 103 116 137 102 112 139 104 128 132 100 115 136 148 120 143 140 144 124 141 145 105 122 107 130 125 129 118 135 109 117 131 
Recomputing the centroids for each cluster...
Centroid 0 = 0.34363, 0.431753, 0.367037, 0.345187
	Members of Cluster (116): 0 27 28 4 17 40 20 36 31 23 26 43 6 11 24 7 39 49 35 22 5 16 18 10 48 19 46 21 44 14 32 33 15 1 25 45 9 34 37 12 2 47 3 29 30 8 38 13 42 41 50 52 86 54 58 76 65 75 51 56 85 70 127 138 149 61 63 91 78 71 74 97 73 72 83 133 134 111 146 123 126 108 101 142 121 113 114 53 89 62 68 87 119 55 96 99 88 95 66 84 59 64 67 82 92 90 94 69 80 81 79 57 93 98 60 106 
	Cluster 0 SSE = 24.1422
Centroid 1 = 0.718954, 0.464461, 0.810568, 0.841912
	Members of Cluster (34): 77 110 147 103 116 137 102 112 139 104 128 132 100 115 136 148 120 143 140 144 124 141 145 105 122 107 130 125 129 118 135 109 117 131 
	Cluster 1 SSE = 1.60407
Total SSE (sum squared-distance of each row with its centroid) = 25.7462
Davies-Bouldin Index: 0.436117
