Dataset name: ../data/iris.arff
Number of instances (rows): 150
Number of attributes (cols): 5
Learning algorithm: clustering
Evaluation method: training
Running HAC...
There are 7 clusters
Cluster 0: 0 27 17 40 7 39 28 49 4 35 11 24 23 26 20 6 1 25 45 12 2 47 29 3 30 9 34 37 42 8 38 13 36 10 48 19 46 21 44 31 43 5 16 18 22 14 32 33 15 
Cluster 1: 41 
Cluster 2: 50 52 86 65 75 58 71 74 97 61 63 91 78 76 73 54 66 84 51 56 85 53 89 55 88 95 94 96 99 82 92 90 69 80 81 67 79 64 77 59 70 72 83 68 87 57 93 98 60 62 
Cluster 3: 100 136 148 115 102 103 116 137 110 147 112 139 120 143 140 141 145 144 124 104 128 132 111 123 126 127 138 149 146 101 142 121 113 133 134 105 122 135 107 130 125 129 108 118 114 109 
Cluster 4: 106 
Cluster 5: 117 131 
Cluster 6: 119 
Recomputing the centroids for each cluster...
Centroid 0 = 0.19898, 0.60034, 0.0792113, 0.0595238, Iris-setosa
	Members of Cluster (49): 0 27 17 40 7 39 28 49 4 35 11 24 23 26 20 6 1 25 45 12 2 47 29 3 30 9 34 37 42 8 38 13 36 10 48 19 46 21 44 31 43 5 16 18 22 14 32 33 15 
	Cluster 0 SSE = 1.60203
Centroid 1 = 0.0555556, 0.125, 0.0508475, 0.0833333, Iris-setosa
	Members of Cluster (1): 41 
	Cluster 1 SSE = 0
Centroid 2 = 0.454444, 0.320833, 0.552542, 0.510833, Iris-versicolor
	Members of Cluster (50): 50 52 86 65 75 58 71 74 97 61 63 91 78 76 73 54 66 84 51 56 85 53 89 55 88 95 94 96 99 82 92 90 69 80 81 67 79 64 77 59 70 72 83 68 87 57 93 98 60 62 
	Cluster 2 SSE = 2.48852
Centroid 3 = 0.634662, 0.402174, 0.770081, 0.808877, Iris-virginica
	Members of Cluster (46): 100 136 148 115 102 103 116 137 110 147 112 139 120 143 140 141 145 144 124 104 128 132 111 123 126 127 138 149 146 101 142 121 113 133 134 105 122 135 107 130 125 129 108 118 114 109 
	Cluster 3 SSE = 2.45575
Centroid 4 = 0.166667, 0.208333, 0.59322, 0.666667, Iris-virginica
	Members of Cluster (1): 106 
	Cluster 4 SSE = 0
Centroid 5 = 0.972222, 0.75, 0.940678, 0.833333, Iris-virginica
	Members of Cluster (2): 117 131 
	Cluster 5 SSE = 0.00630816
Centroid 6 = 0.472222, 0.0833333, 0.677966, 0.583333, Iris-virginica
	Members of Cluster (1): 119 
	Cluster 6 SSE = 0
Total SSE (sum squared-distance of each row with its centroid) = 6.55261
Davies-Bouldin Index: 0.186891
--------------
Iteration 143
--------------
Merging clusters 3 and 6	Distance: 0.201562
There are 6 clusters
Cluster 0: 0 27 17 40 7 39 28 49 4 35 11 24 23 26 20 6 1 25 45 12 2 47 29 3 30 9 34 37 42 8 38 13 36 10 48 19 46 21 44 31 43 5 16 18 22 14 32 33 15 
Cluster 1: 41 
Cluster 2: 50 52 86 65 75 58 71 74 97 61 63 91 78 76 73 54 66 84 51 56 85 53 89 55 88 95 94 96 99 82 92 90 69 80 81 67 79 64 77 59 70 72 83 68 87 57 93 98 60 62 
Cluster 3: 100 136 148 115 102 103 116 137 110 147 112 139 120 143 140 141 145 144 124 104 128 132 111 123 126 127 138 149 146 101 142 121 113 133 134 105 122 135 107 130 125 129 108 118 114 109 119 
Cluster 4: 106 
Cluster 5: 117 131 
Recomputing the centroids for each cluster...
Centroid 0 = 0.19898, 0.60034, 0.0792113, 0.0595238, Iris-setosa
	Members of Cluster (49): 0 27 17 40 7 39 28 49 4 35 11 24 23 26 20 6 1 25 45 12 2 47 29 3 30 9 34 37 42 8 38 13 36 10 48 19 46 21 44 31 43 5 16 18 22 14 32 33 15 
	Cluster 0 SSE = 1.60203
Centroid 1 = 0.0555556, 0.125, 0.0508475, 0.0833333, Iris-setosa
	Members of Cluster (1): 41 
	Cluster 1 SSE = 0
Centroid 2 = 0.454444, 0.320833, 0.552542, 0.510833, Iris-versicolor
	Members of Cluster (50): 50 52 86 65 75 58 71 74 97 61 63 91 78 76 73 54 66 84 51 56 85 53 89 55 88 95 94 96 99 82 92 90 69 80 81 67 79 64 77 59 70 72 83 68 87 57 93 98 60 62 
	Cluster 2 SSE = 2.48852
Centroid 3 = 0.631206, 0.39539, 0.768121, 0.804078, Iris-virginica
	Members of Cluster (47): 100 136 148 115 102 103 116 137 110 147 112 139 120 143 140 141 145 144 124 104 128 132 111 123 126 127 138 149 146 101 142 121 113 133 134 105 122 135 107 130 125 129 108 118 114 109 119 
	Cluster 3 SSE = 2.63917
Centroid 4 = 0.166667, 0.208333, 0.59322, 0.666667, Iris-virginica
	Members of Cluster (1): 106 
	Cluster 4 SSE = 0
Centroid 5 = 0.972222, 0.75, 0.940678, 0.833333, Iris-virginica
	Members of Cluster (2): 117 131 
	Cluster 5 SSE = 0.00630816
Total SSE (sum squared-distance of each row with its centroid) = 6.73602
Davies-Bouldin Index: 0.162731
--------------
Iteration 144
--------------
Merging clusters 3 and 5	Distance: 0.228476
There are 5 clusters
Cluster 0: 0 27 17 40 7 39 28 49 4 35 11 24 23 26 20 6 1 25 45 12 2 47 29 3 30 9 34 37 42 8 38 13 36 10 48 19 46 21 44 31 43 5 16 18 22 14 32 33 15 
Cluster 1: 41 
Cluster 2: 50 52 86 65 75 58 71 74 97 61 63 91 78 76 73 54 66 84 51 56 85 53 89 55 88 95 94 96 99 82 92 90 69 80 81 67 79 64 77 59 70 72 83 68 87 57 93 98 60 62 
Cluster 3: 100 136 148 115 102 103 116 137 110 147 112 139 120 143 140 141 145 144 124 104 128 132 111 123 126 127 138 149 146 101 142 121 113 133 134 105 122 135 107 130 125 129 108 118 114 109 119 117 131 
Cluster 4: 106 
Recomputing the centroids for each cluster...
Centroid 0 = 0.19898, 0.60034, 0.0792113, 0.0595238, Iris-setosa
	Members of Cluster (49): 0 27 17 40 7 39 28 49 4 35 11 24 23 26 20 6 1 25 45 12 2 47 29 3 30 9 34 37 42 8 38 13 36 10 48 19 46 21 44 31 43 5 16 18 22 14 32 33 15 
	Cluster 0 SSE = 1.60203
Centroid 1 = 0.0555556, 0.125, 0.0508475, 0.0833333, Iris-setosa
	Members of Cluster (1): 41 
	Cluster 1 SSE = 0
Centroid 2 = 0.454444, 0.320833, 0.552542, 0.510833, Iris-versicolor
	Members of Cluster (50): 50 52 86 65 75 58 71 74 97 61 63 91 78 76 73 54 66 84 51 56 85 53 89 55 88 95 94 96 99 82 92 90 69 80 81 67 79 64 77 59 70 72 83 68 87 57 93 98 60 62 
	Cluster 2 SSE = 2.48852
Centroid 3 = 0.645125, 0.409864, 0.775164, 0.805272, Iris-virginica
	Members of Cluster (49): 100 136 148 115 102 103 116 137 110 147 112 139 120 143 140 141 145 144 124 104 128 132 111 123 126 127 138 149 146 101 142 121 113 133 134 105 122 135 107 130 125 129 108 118 114 109 119 117 131 
	Cluster 3 SSE = 3.16856
Centroid 4 = 0.166667, 0.208333, 0.59322, 0.666667, Iris-virginica
	Members of Cluster (1): 106 
	Cluster 4 SSE = 0
Total SSE (sum squared-distance of each row with its centroid) = 7.25911
Davies-Bouldin Index: 0.152509
--------------
Iteration 145
--------------
Merging clusters 0 and 1	Distance: 0.255529
There are 4 clusters
Cluster 0: 0 27 17 40 7 39 28 49 4 35 11 24 23 26 20 6 1 25 45 12 2 47 29 3 30 9 34 37 42 8 38 13 36 10 48 19 46 21 44 31 43 5 16 18 22 14 32 33 15 41 
Cluster 1: 50 52 86 65 75 58 71 74 97 61 63 91 78 76 73 54 66 84 51 56 85 53 89 55 88 95 94 96 99 82 92 90 69 80 81 67 79 64 77 59 70 72 83 68 87 57 93 98 60 62 
Cluster 2: 100 136 148 115 102 103 116 137 110 147 112 139 120 143 140 141 145 144 124 104 128 132 111 123 126 127 138 149 146 101 142 121 113 133 134 105 122 135 107 130 125 129 108 118 114 109 119 117 131 
Cluster 3: 106 
Recomputing the centroids for each cluster...
Centroid 0 = 0.196111, 0.590833, 0.0786441, 0.06, Iris-setosa
	Members of Cluster (50): 0 27 17 40 7 39 28 49 4 35 11 24 23 26 20 6 1 25 45 12 2 47 29 3 30 9 34 37 42 8 38 13 36 10 48 19 46 21 44 31 43 5 16 18 22 14 32 33 15 41 
	Cluster 0 SSE = 1.84496
Centroid 1 = 0.454444, 0.320833, 0.552542, 0.510833, Iris-versicolor
	Members of Cluster (50): 50 52 86 65 75 58 71 74 97 61 63 91 78 76 73 54 66 84 51 56 85 53 89 55 88 95 94 96 99 82 92 90 69 80 81 67 79 64 77 59 70 72 83 68 87 57 93 98 60 62 
	Cluster 1 SSE = 2.48852
Centroid 2 = 0.645125, 0.409864, 0.775164, 0.805272, Iris-virginica
	Members of Cluster (49): 100 136 148 115 102 103 116 137 110 147 112 139 120 143 140 141 145 144 124 104 128 132 111 123 126 127 138 149 146 101 142 121 113 133 134 105 122 135 107 130 125 129 108 118 114 109 119 117 131 
	Cluster 2 SSE = 3.16856
Centroid 3 = 0.166667, 0.208333, 0.59322, 0.666667, Iris-virginica
	Members of Cluster (1): 106 
	Cluster 3 SSE = 0
Total SSE (sum squared-distance of each row with its centroid) = 7.50204
Davies-Bouldin Index: 0.138514
--------------
Iteration 146
--------------
Merging clusters 2 and 3	Distance: 0.268681
There are 3 clusters
Cluster 0: 0 27 17 40 7 39 28 49 4 35 11 24 23 26 20 6 1 25 45 12 2 47 29 3 30 9 34 37 42 8 38 13 36 10 48 19 46 21 44 31 43 5 16 18 22 14 32 33 15 41 
Cluster 1: 50 52 86 65 75 58 71 74 97 61 63 91 78 76 73 54 66 84 51 56 85 53 89 55 88 95 94 96 99 82 92 90 69 80 81 67 79 64 77 59 70 72 83 68 87 57 93 98 60 62 
Cluster 2: 100 136 148 115 102 103 116 137 110 147 112 139 120 143 140 141 145 144 124 104 128 132 111 123 126 127 138 149 146 101 142 121 113 133 134 105 122 135 107 130 125 129 108 118 114 109 119 117 131 106 
Recomputing the centroids for each cluster...
Centroid 0 = 0.196111, 0.590833, 0.0786441, 0.06, Iris-setosa
	Members of Cluster (50): 0 27 17 40 7 39 28 49 4 35 11 24 23 26 20 6 1 25 45 12 2 47 29 3 30 9 34 37 42 8 38 13 36 10 48 19 46 21 44 31 43 5 16 18 22 14 32 33 15 41 
	Cluster 0 SSE = 1.84496
Centroid 1 = 0.454444, 0.320833, 0.552542, 0.510833, Iris-versicolor
	Members of Cluster (50): 50 52 86 65 75 58 71 74 97 61 63 91 78 76 73 54 66 84 51 56 85 53 89 55 88 95 94 96 99 82 92 90 69 80 81 67 79 64 77 59 70 72 83 68 87 57 93 98 60 62 
	Cluster 1 SSE = 2.48852
Centroid 2 = 0.635556, 0.405833, 0.771525, 0.8025, Iris-virginica
	Members of Cluster (50): 100 136 148 115 102 103 116 137 110 147 112 139 120 143 140 141 145 144 124 104 128 132 111 123 126 127 138 149 146 101 142 121 113 133 134 105 122 135 107 130 125 129 108 118 114 109 119 117 131 106 
	Cluster 2 SSE = 3.48397
Total SSE (sum squared-distance of each row with its centroid) = 7.81746
Davies-Bouldin Index: 0.0863167
--------------
Iteration 147
--------------
Merging clusters 1 and 2	Distance: 1.00385
There are 2 clusters
Cluster 0: 0 27 17 40 7 39 28 49 4 35 11 24 23 26 20 6 1 25 45 12 2 47 29 3 30 9 34 37 42 8 38 13 36 10 48 19 46 21 44 31 43 5 16 18 22 14 32 33 15 41 
Cluster 1: 50 52 86 65 75 58 71 74 97 61 63 91 78 76 73 54 66 84 51 56 85 53 89 55 88 95 94 96 99 82 92 90 69 80 81 67 79 64 77 59 70 72 83 68 87 57 93 98 60 62 100 136 148 115 102 103 116 137 110 147 112 139 120 143 140 141 145 144 124 104 128 132 111 123 126 127 138 149 146 101 142 121 113 133 134 105 122 135 107 130 125 129 108 118 114 109 119 117 131 106 
Recomputing the centroids for each cluster...
Centroid 0 = 0.196111, 0.590833, 0.0786441, 0.06, Iris-setosa
	Members of Cluster (50): 0 27 17 40 7 39 28 49 4 35 11 24 23 26 20 6 1 25 45 12 2 47 29 3 30 9 34 37 42 8 38 13 36 10 48 19 46 21 44 31 43 5 16 18 22 14 32 33 15 41 
	Cluster 0 SSE = 1.84496
Centroid 1 = 0.545, 0.363333, 0.662034, 0.656667, Iris-versicolor
	Members of Cluster (100): 50 52 86 65 75 58 71 74 97 61 63 91 78 76 73 54 66 84 51 56 85 53 89 55 88 95 94 96 99 82 92 90 69 80 81 67 79 64 77 59 70 72 83 68 87 57 93 98 60 62 100 136 148 115 102 103 116 137 110 147 112 139 120 143 140 141 145 144 124 104 128 132 111 123 126 127 138 149 146 101 142 121 113 133 134 105 122 135 107 130 125 129 108 118 114 109 119 117 131 106 
	Cluster 1 SSE = 60.2987
Total SSE (sum squared-distance of each row with its centroid) = 62.1437
Davies-Bouldin Index: 0.342216
