Dataset name: ../data/abalone500.arff
Number of instances (rows): 500
Number of attributes (cols): 9
Learning algorithm: clustering
Evaluation method: training
Running k-means...
Centroid 0 = F, 0.6, 0.5, 0.155, 1.332, 0.6235, 0.2835, 0.35
Centroid 1 = I, 0.32, 0.24, 0.075, 0.1735, 0.076, 0.0355, 0.05
Centroid 2 = F, 0.72, 0.575, 0.18, 1.6705, 0.732, 0.3605, 0.501
Centroid 3 = I, 0.535, 0.42, 0.145, 0.926, 0.398, 0.1965, 0.25
------------------------------------------------------------
Assigning each row to the cluster of the nearest centroid...
------------------------------------------------------------
There are 4 clusters
Recomputing the centroids for each cluster...
Centroid 0 = F, 0.588486, 0.463784, 0.158324, 1.06066, 0.455178, 0.232481, 0.303057
	Members of Cluster (185): 1 2 5 8 10 12 14 17 18 19 21 36 38 39 43 45 46 48 51 53 56 57 58 61 64 68 71 73 80 83 85 86 87 88 93 96 97 98 102 105 107 108 119 121 122 123 127 132 133 140 141 142 144 149 150 151 156 158 161 162 164 171 172 174 180 181 184 191 192 196 197 199 201 204 208 213 217 219 220 221 224 225 226 228 229 230 235 240 241 243 245 249 250 252 256 257 258 260 261 262 266 268 269 270 276 281 283 284 285 286 293 295 298 299 300 301 303 304 317 318 319 320 324 325 328 329 330 334 336 337 340 343 344 345 349 350 360 361 369 370 375 378 379 380 384 386 390 394 399 401 402 407 409 412 414 415 418 419 420 421 428 430 432 434 440 441 444 445 447 449 450 458 460 461 464 468 473 478 479 480 481 487 488 492 498 
	Cluster 0 SSE = 68.776
Centroid 1 = I, 0.368841, 0.27779, 0.0936594, 0.267355, 0.118888, 0.0581413, 0.0820326
	Members of Cluster (138): 3 4 7 9 11 20 25 31 32 33 35 37 40 47 54 55 60 62 63 65 67 72 75 78 79 81 82 91 92 99 103 104 106 109 110 112 114 116 120 124 125 128 129 136 138 147 152 153 157 160 163 166 168 169 176 177 183 188 189 194 200 202 203 205 206 210 214 222 231 232 233 242 248 255 259 263 271 272 273 274 278 287 289 302 309 310 311 314 316 332 335 339 348 351 353 355 356 358 362 364 365 367 368 385 391 392 395 396 403 404 405 406 423 425 426 429 431 433 435 437 443 448 453 454 456 457 459 465 469 474 483 485 486 489 493 494 495 499 
	Cluster 1 SSE = 39.7608
Centroid 2 = M, 0.684902, 0.540784, 0.196961, 1.79568, 0.801588, 0.382706, 0.478304
	Members of Cluster (51): 16 42 49 59 70 84 131 159 179 185 209 218 227 236 237 239 244 247 251 254 264 265 275 277 280 294 306 322 323 333 342 371 381 388 393 400 411 413 417 422 438 439 446 452 455 462 466 470 471 476 497 
	Cluster 2 SSE = 24.7432
Centroid 3 = M, 0.547381, 0.426667, 0.144921, 0.819556, 0.355655, 0.176397, 0.237869
	Members of Cluster (126): 0 6 13 15 22 23 24 26 27 28 29 30 34 41 44 50 52 66 69 74 76 77 89 90 94 95 100 101 111 113 115 117 118 126 130 134 135 137 139 143 145 146 148 154 155 165 167 170 173 175 178 182 186 187 190 193 195 198 207 211 212 215 216 223 234 238 246 253 267 279 282 288 290 291 292 296 297 305 307 308 312 313 315 321 326 327 331 338 341 346 347 352 354 357 359 363 366 372 373 374 376 377 382 383 387 389 397 398 408 410 416 424 427 436 442 451 463 467 472 475 477 482 484 490 491 496 
	Cluster 3 SSE = 54.2435
Total SSE (sum squared-distance of each row with its centroid) = 187.523
------------------------------------------------------------
Assigning each row to the cluster of the nearest centroid...
------------------------------------------------------------
There are 4 clusters
Recomputing the centroids for each cluster...
Centroid 0 = F, 0.578457, 0.45571, 0.154969, 1.02881, 0.437043, 0.227898, 0.293719
	Members of Cluster (162): 1 2 5 10 14 16 17 18 19 21 38 39 43 46 48 51 56 58 59 61 64 68 71 73 80 83 86 87 88 93 96 98 107 108 119 122 127 133 141 144 149 150 151 156 158 159 161 162 166 180 181 184 185 189 191 192 196 197 199 201 204 208 213 219 221 222 224 225 226 229 230 233 235 240 243 245 249 250 251 254 256 257 258 260 262 264 266 268 270 275 276 277 281 283 284 285 286 289 293 294 295 298 299 300 301 303 304 317 318 319 320 324 325 328 329 330 333 334 336 337 340 343 344 345 360 361 367 370 371 378 386 400 401 402 409 412 415 421 422 428 430 432 434 440 441 445 447 452 458 461 464 466 468 473 478 479 480 481 487 488 490 498 
	Cluster 0 SSE = 31.8406
Centroid 1 = I, 0.41875, 0.317697, 0.105888, 0.40074, 0.180984, 0.0848092, 0.119497
	Members of Cluster (152): 3 4 9 20 25 26 31 32 33 34 37 40 50 52 54 55 60 62 63 65 67 72 75 76 77 78 79 81 82 90 91 92 94 99 100 103 104 106 110 113 114 115 116 118 124 125 126 128 129 135 136 137 138 146 147 152 153 160 163 165 167 168 169 170 183 187 188 193 194 200 202 205 206 214 216 231 232 234 238 242 248 253 255 259 263 272 273 278 287 288 292 296 302 309 310 311 313 316 326 331 332 338 346 348 352 353 354 355 358 359 363 364 365 366 377 382 383 385 387 391 392 395 396 398 403 405 406 410 416 423 425 426 429 433 435 437 443 448 451 454 456 457 465 467 469 474 483 486 489 493 494 499 
	Cluster 1 SSE = 18.169
Centroid 2 = M, 0.673839, 0.532589, 0.194018, 1.68274, 0.753107, 0.355313, 0.452795
	Members of Cluster (56): 12 36 42 49 70 84 85 97 121 131 132 140 142 179 209 217 218 227 228 236 237 239 241 244 247 265 269 280 306 322 323 342 375 381 384 388 390 393 407 411 413 414 417 419 420 438 439 446 450 455 460 462 470 471 476 497 
	Cluster 2 SSE = 11.4985
Centroid 3 = M, 0.5275, 0.411808, 0.141962, 0.816523, 0.352488, 0.17745, 0.235758
	Members of Cluster (130): 0 6 7 8 11 13 15 22 23 24 27 28 29 30 35 41 44 45 47 53 57 66 69 74 89 95 101 102 105 109 111 112 117 120 123 130 134 139 143 145 148 154 155 157 164 171 172 173 174 175 176 177 178 182 186 190 195 198 203 207 210 211 212 215 220 223 246 252 261 267 271 274 279 282 290 291 297 305 307 308 312 314 315 321 327 335 339 341 347 349 350 351 356 357 362 368 369 372 373 374 376 379 380 389 394 397 399 404 408 418 424 427 431 436 442 444 449 453 459 463 472 475 477 482 484 485 491 492 495 496 
	Cluster 3 SSE = 21.7487
Total SSE (sum squared-distance of each row with its centroid) = 83.2568
------------------------------------------------------------
Assigning each row to the cluster of the nearest centroid...
------------------------------------------------------------
There are 4 clusters
Recomputing the centroids for each cluster...
Centroid 0 = F, 0.576667, 0.454198, 0.154537, 1.0228, 0.434509, 0.226883, 0.292022
	Members of Cluster (162): 1 2 5 10 14 16 17 18 19 21 38 39 43 46 48 51 56 58 59 61 64 68 71 73 80 83 86 87 88 93 96 98 107 108 119 122 127 133 141 144 149 150 151 156 158 159 161 162 166 180 181 184 185 189 191 192 196 197 199 201 204 208 213 219 221 222 224 225 226 229 230 233 235 240 243 245 249 250 251 254 256 257 258 260 262 264 266 268 270 275 276 277 281 283 284 285 286 289 293 294 295 298 299 300 301 303 304 317 318 319 320 324 325 328 329 330 333 334 336 337 340 343 344 345 360 361 365 367 370 371 378 386 400 401 402 409 412 415 421 422 428 430 432 434 440 441 445 447 452 458 461 464 466 468 473 478 479 480 481 487 488 498 
	Cluster 0 SSE = 31.81
Centroid 1 = I, 0.420658, 0.319309, 0.106349, 0.407148, 0.183684, 0.0858914, 0.121306
	Members of Cluster (152): 3 4 9 20 25 26 31 32 33 34 37 40 50 52 54 55 60 62 63 65 67 72 75 76 77 78 79 81 82 90 91 92 94 99 100 103 104 106 110 113 114 115 116 118 124 125 126 128 129 135 136 137 138 146 147 152 153 160 163 165 167 168 169 170 183 187 188 193 194 200 202 205 206 214 216 231 232 234 238 242 248 253 255 259 263 272 273 278 287 288 292 296 302 309 310 311 313 316 326 331 332 338 346 348 352 353 354 355 358 359 363 364 366 377 382 383 385 387 391 392 395 396 398 403 405 406 410 416 423 425 426 429 433 435 437 443 448 451 454 456 457 465 467 469 474 483 486 489 490 493 494 499 
	Cluster 1 SSE = 17.9258
Centroid 2 = M, 0.669597, 0.527903, 0.19121, 1.6422, 0.73979, 0.345927, 0.441516
	Members of Cluster (62): 8 12 36 42 49 70 84 85 97 121 131 132 140 142 164 179 209 217 218 227 228 236 237 239 241 244 247 265 269 280 306 322 323 342 350 369 375 381 384 388 390 393 407 411 413 414 417 418 419 420 438 439 444 446 450 455 460 462 470 471 476 497 
	Cluster 2 SSE = 12.7278
Centroid 3 = M, 0.52254, 0.408306, 0.140847, 0.794879, 0.339762, 0.173536, 0.230895
	Members of Cluster (124): 0 6 7 11 13 15 22 23 24 27 28 29 30 35 41 44 45 47 53 57 66 69 74 89 95 101 102 105 109 111 112 117 120 123 130 134 139 143 145 148 154 155 157 171 172 173 174 175 176 177 178 182 186 190 195 198 203 207 210 211 212 215 220 223 246 252 261 267 271 274 279 282 290 291 297 305 307 308 312 314 315 321 327 335 339 341 347 349 351 356 357 362 368 372 373 374 376 379 380 389 394 397 399 404 408 424 427 431 436 442 449 453 459 463 472 475 477 482 484 485 491 492 495 496 
	Cluster 3 SSE = 19.8245
Total SSE (sum squared-distance of each row with its centroid) = 82.2881
------------------------------------------------------------
Assigning each row to the cluster of the nearest centroid...
------------------------------------------------------------
There are 4 clusters
Recomputing the centroids for each cluster...
Centroid 0 = F, 0.576667, 0.454198, 0.154537, 1.0228, 0.434509, 0.226883, 0.292022
	Members of Cluster (162): 1 2 5 10 14 16 17 18 19 21 38 39 43 46 48 51 56 58 59 61 64 68 71 73 80 83 86 87 88 93 96 98 107 108 119 122 127 133 141 144 149 150 151 156 158 159 161 162 166 180 181 184 185 189 191 192 196 197 199 201 204 208 213 219 221 222 224 225 226 229 230 233 235 240 243 245 249 250 251 254 256 257 258 260 262 264 266 268 270 275 276 277 281 283 284 285 286 289 293 294 295 298 299 300 301 303 304 317 318 319 320 324 325 328 329 330 333 334 336 337 340 343 344 345 360 361 365 367 370 371 378 386 400 401 402 409 412 415 421 422 428 430 432 434 440 441 445 447 452 458 461 464 466 468 473 478 479 480 481 487 488 498 
	Cluster 0 SSE = 31.81
Centroid 1 = I, 0.420658, 0.319309, 0.106349, 0.407148, 0.183684, 0.0858914, 0.121306
	Members of Cluster (152): 3 4 9 20 25 26 31 32 33 34 37 40 50 52 54 55 60 62 63 65 67 72 75 76 77 78 79 81 82 90 91 92 94 99 100 103 104 106 110 113 114 115 116 118 124 125 126 128 129 135 136 137 138 146 147 152 153 160 163 165 167 168 169 170 183 187 188 193 194 200 202 205 206 214 216 231 232 234 238 242 248 253 255 259 263 272 273 278 287 288 292 296 302 309 310 311 313 316 326 331 332 338 346 348 352 353 354 355 358 359 363 364 366 377 382 383 385 387 391 392 395 396 398 403 405 406 410 416 423 425 426 429 433 435 437 443 448 451 454 456 457 465 467 469 474 483 486 489 490 493 494 499 
	Cluster 1 SSE = 17.9258
Centroid 2 = M, 0.665221, 0.525221, 0.189559, 1.60558, 0.722493, 0.33789, 0.434007
	Members of Cluster (68): 8 12 36 42 49 57 70 84 85 97 121 131 132 140 142 164 179 209 217 218 227 228 236 237 239 241 244 247 252 261 265 269 280 306 322 323 342 350 369 375 379 381 384 388 390 393 399 407 411 413 414 417 418 419 420 438 439 444 446 449 450 455 460 462 470 471 476 497 
	Cluster 2 SSE = 14.0206
Centroid 3 = M, 0.517585, 0.403771, 0.139237, 0.772898, 0.32939, 0.169403, 0.224513
	Members of Cluster (118): 0 6 7 11 13 15 22 23 24 27 28 29 30 35 41 44 45 47 53 66 69 74 89 95 101 102 105 109 111 112 117 120 123 130 134 139 143 145 148 154 155 157 171 172 173 174 175 176 177 178 182 186 190 195 198 203 207 210 211 212 215 220 223 246 267 271 274 279 282 290 291 297 305 307 308 312 314 315 321 327 335 339 341 347 349 351 356 357 362 368 372 373 374 376 380 389 394 397 404 408 424 427 431 436 442 453 459 463 472 475 477 482 484 485 491 492 495 496 
	Cluster 3 SSE = 18.0918
Total SSE (sum squared-distance of each row with its centroid) = 81.8482
------------------------------------------------------------
Assigning each row to the cluster of the nearest centroid...
------------------------------------------------------------
There are 4 clusters
Recomputing the centroids for each cluster...
Centroid 0 = F, 0.576667, 0.454198, 0.154537, 1.0228, 0.434509, 0.226883, 0.292022
	Members of Cluster (162): 1 2 5 10 14 16 17 18 19 21 38 39 43 46 48 51 56 58 59 61 64 68 71 73 80 83 86 87 88 93 96 98 107 108 119 122 127 133 141 144 149 150 151 156 158 159 161 162 166 180 181 184 185 189 191 192 196 197 199 201 204 208 213 219 221 222 224 225 226 229 230 233 235 240 243 245 249 250 251 254 256 257 258 260 262 264 266 268 270 275 276 277 281 283 284 285 286 289 293 294 295 298 299 300 301 303 304 317 318 319 320 324 325 328 329 330 333 334 336 337 340 343 344 345 360 361 365 367 370 371 378 386 400 401 402 409 412 415 421 422 428 430 432 434 440 441 445 447 452 458 461 464 466 468 473 478 479 480 481 487 488 498 
	Cluster 0 SSE = 31.81
Centroid 1 = I, 0.420658, 0.319309, 0.106349, 0.407148, 0.183684, 0.0858914, 0.121306
	Members of Cluster (152): 3 4 9 20 25 26 31 32 33 34 37 40 50 52 54 55 60 62 63 65 67 72 75 76 77 78 79 81 82 90 91 92 94 99 100 103 104 106 110 113 114 115 116 118 124 125 126 128 129 135 136 137 138 146 147 152 153 160 163 165 167 168 169 170 183 187 188 193 194 200 202 205 206 214 216 231 232 234 238 242 248 253 255 259 263 272 273 278 287 288 292 296 302 309 310 311 313 316 326 331 332 338 346 348 352 353 354 355 358 359 363 364 366 377 382 383 385 387 391 392 395 396 398 403 405 406 410 416 423 425 426 429 433 435 437 443 448 451 454 456 457 465 467 469 474 483 486 489 490 493 494 499 
	Cluster 1 SSE = 17.9258
Centroid 2 = M, 0.664143, 0.524643, 0.189143, 1.59414, 0.715779, 0.337021, 0.431321
	Members of Cluster (70): 8 12 36 42 45 49 57 70 84 85 97 121 131 132 140 142 164 172 179 209 217 218 227 228 236 237 239 241 244 247 252 261 265 269 280 306 322 323 342 350 369 375 379 381 384 388 390 393 399 407 411 413 414 417 418 419 420 438 439 444 446 449 450 455 460 462 470 471 476 497 
	Cluster 2 SSE = 14.4653
Centroid 3 = M, 0.51569, 0.402026, 0.138621, 0.765448, 0.326664, 0.167022, 0.222522
	Members of Cluster (116): 0 6 7 11 13 15 22 23 24 27 28 29 30 35 41 44 47 53 66 69 74 89 95 101 102 105 109 111 112 117 120 123 130 134 139 143 145 148 154 155 157 171 173 174 175 176 177 178 182 186 190 195 198 203 207 210 211 212 215 220 223 246 267 271 274 279 282 290 291 297 305 307 308 312 314 315 321 327 335 339 341 347 349 351 356 357 362 368 372 373 374 376 380 389 394 397 404 408 424 427 431 436 442 453 459 463 472 475 477 482 484 485 491 492 495 496 
	Cluster 3 SSE = 17.5443
Total SSE (sum squared-distance of each row with its centroid) = 81.7455
------------------------------------------------------------
Assigning each row to the cluster of the nearest centroid...
------------------------------------------------------------
There are 4 clusters
Recomputing the centroids for each cluster...
Centroid 0 = F, 0.576667, 0.454198, 0.154537, 1.0228, 0.434509, 0.226883, 0.292022
	Members of Cluster (162): 1 2 5 10 14 16 17 18 19 21 38 39 43 46 48 51 56 58 59 61 64 68 71 73 80 83 86 87 88 93 96 98 107 108 119 122 127 133 141 144 149 150 151 156 158 159 161 162 166 180 181 184 185 189 191 192 196 197 199 201 204 208 213 219 221 222 224 225 226 229 230 233 235 240 243 245 249 250 251 254 256 257 258 260 262 264 266 268 270 275 276 277 281 283 284 285 286 289 293 294 295 298 299 300 301 303 304 317 318 319 320 324 325 328 329 330 333 334 336 337 340 343 344 345 360 361 365 367 370 371 378 386 400 401 402 409 412 415 421 422 428 430 432 434 440 441 445 447 452 458 461 464 466 468 473 478 479 480 481 487 488 498 
	Cluster 0 SSE = 31.81
Centroid 1 = I, 0.420658, 0.319309, 0.106349, 0.407148, 0.183684, 0.0858914, 0.121306
	Members of Cluster (152): 3 4 9 20 25 26 31 32 33 34 37 40 50 52 54 55 60 62 63 65 67 72 75 76 77 78 79 81 82 90 91 92 94 99 100 103 104 106 110 113 114 115 116 118 124 125 126 128 129 135 136 137 138 146 147 152 153 160 163 165 167 168 169 170 183 187 188 193 194 200 202 205 206 214 216 231 232 234 238 242 248 253 255 259 263 272 273 278 287 288 292 296 302 309 310 311 313 316 326 331 332 338 346 348 352 353 354 355 358 359 363 364 366 377 382 383 385 387 391 392 395 396 398 403 405 406 410 416 423 425 426 429 433 435 437 443 448 451 454 456 457 465 467 469 474 483 486 489 490 493 494 499 
	Cluster 1 SSE = 17.9258
Centroid 2 = M, 0.662986, 0.523264, 0.188681, 1.58338, 0.707979, 0.333986, 0.430243
	Members of Cluster (72): 8 12 36 42 45 49 57 70 84 85 97 102 121 131 132 140 142 164 172 179 209 217 218 227 228 236 237 239 241 244 247 252 261 265 269 280 306 322 323 342 350 369 375 379 381 384 388 390 393 394 399 407 411 413 414 417 418 419 420 438 439 444 446 449 450 455 460 462 470 471 476 497 
	Cluster 2 SSE = 14.9532
Centroid 3 = M, 0.513816, 0.400746, 0.138026, 0.757702, 0.324763, 0.165956, 0.219539
	Members of Cluster (114): 0 6 7 11 13 15 22 23 24 27 28 29 30 35 41 44 47 53 66 69 74 89 95 101 105 109 111 112 117 120 123 130 134 139 143 145 148 154 155 157 171 173 174 175 176 177 178 182 186 190 195 198 203 207 210 211 212 215 220 223 246 267 271 274 279 282 290 291 297 305 307 308 312 314 315 321 327 335 339 341 347 349 351 356 357 362 368 372 373 374 376 380 389 397 404 408 424 427 431 436 442 453 459 463 472 475 477 482 484 485 491 492 495 496 
	Cluster 3 SSE = 17.0126
Total SSE (sum squared-distance of each row with its centroid) = 81.7017
------------------------------------------------------------
Assigning each row to the cluster of the nearest centroid...
------------------------------------------------------------
There are 4 clusters
Recomputing the centroids for each cluster...
Centroid 0 = F, 0.576667, 0.454198, 0.154537, 1.0228, 0.434509, 0.226883, 0.292022
	Members of Cluster (162): 1 2 5 10 14 16 17 18 19 21 38 39 43 46 48 51 56 58 59 61 64 68 71 73 80 83 86 87 88 93 96 98 107 108 119 122 127 133 141 144 149 150 151 156 158 159 161 162 166 180 181 184 185 189 191 192 196 197 199 201 204 208 213 219 221 222 224 225 226 229 230 233 235 240 243 245 249 250 251 254 256 257 258 260 262 264 266 268 270 275 276 277 281 283 284 285 286 289 293 294 295 298 299 300 301 303 304 317 318 319 320 324 325 328 329 330 333 334 336 337 340 343 344 345 360 361 365 367 370 371 378 386 400 401 402 409 412 415 421 422 428 430 432 434 440 441 445 447 452 458 461 464 466 468 473 478 479 480 481 487 488 498 
	Cluster 0 SSE = 31.81
Centroid 1 = I, 0.420658, 0.319309, 0.106349, 0.407148, 0.183684, 0.0858914, 0.121306
	Members of Cluster (152): 3 4 9 20 25 26 31 32 33 34 37 40 50 52 54 55 60 62 63 65 67 72 75 76 77 78 79 81 82 90 91 92 94 99 100 103 104 106 110 113 114 115 116 118 124 125 126 128 129 135 136 137 138 146 147 152 153 160 163 165 167 168 169 170 183 187 188 193 194 200 202 205 206 214 216 231 232 234 238 242 248 253 255 259 263 272 273 278 287 288 292 296 302 309 310 311 313 316 326 331 332 338 346 348 352 353 354 355 358 359 363 364 366 377 382 383 385 387 391 392 395 396 398 403 405 406 410 416 423 425 426 429 433 435 437 443 448 451 454 456 457 465 467 469 474 483 486 489 490 493 494 499 
	Cluster 1 SSE = 17.9258
Centroid 2 = M, 0.659221, 0.520195, 0.186623, 1.55656, 0.695377, 0.329247, 0.423422
	Members of Cluster (77): 8 12 36 42 45 49 57 70 84 85 97 102 105 121 131 132 140 142 164 171 172 174 179 209 217 218 227 228 236 237 239 241 244 247 252 261 265 269 280 306 322 323 342 349 350 369 375 379 381 384 388 390 393 394 399 407 411 413 414 417 418 419 420 438 439 444 446 449 450 455 460 462 470 471 476 492 497 
	Cluster 2 SSE = 16.0856
Centroid 3 = M, 0.509633, 0.397294, 0.137156, 0.738775, 0.316087, 0.161596, 0.214693
	Members of Cluster (109): 0 6 7 11 13 15 22 23 24 27 28 29 30 35 41 44 47 53 66 69 74 89 95 101 109 111 112 117 120 123 130 134 139 143 145 148 154 155 157 173 175 176 177 178 182 186 190 195 198 203 207 210 211 212 215 220 223 246 267 271 274 279 282 290 291 297 305 307 308 312 314 315 321 327 335 339 341 347 351 356 357 362 368 372 373 374 376 380 389 397 404 408 424 427 431 436 442 453 459 463 472 475 477 482 484 485 491 495 496 
	Cluster 3 SSE = 15.7036
Total SSE (sum squared-distance of each row with its centroid) = 81.525
------------------------------------------------------------
Assigning each row to the cluster of the nearest centroid...
------------------------------------------------------------
There are 4 clusters
Recomputing the centroids for each cluster...
Centroid 0 = F, 0.576667, 0.454198, 0.154537, 1.0228, 0.434509, 0.226883, 0.292022
	Members of Cluster (162): 1 2 5 10 14 16 17 18 19 21 38 39 43 46 48 51 56 58 59 61 64 68 71 73 80 83 86 87 88 93 96 98 107 108 119 122 127 133 141 144 149 150 151 156 158 159 161 162 166 180 181 184 185 189 191 192 196 197 199 201 204 208 213 219 221 222 224 225 226 229 230 233 235 240 243 245 249 250 251 254 256 257 258 260 262 264 266 268 270 275 276 277 281 283 284 285 286 289 293 294 295 298 299 300 301 303 304 317 318 319 320 324 325 328 329 330 333 334 336 337 340 343 344 345 360 361 365 367 370 371 378 386 400 401 402 409 412 415 421 422 428 430 432 434 440 441 445 447 452 458 461 464 466 468 473 478 479 480 481 487 488 498 
	Cluster 0 SSE = 31.81
Centroid 1 = I, 0.420658, 0.319309, 0.106349, 0.407148, 0.183684, 0.0858914, 0.121306
	Members of Cluster (152): 3 4 9 20 25 26 31 32 33 34 37 40 50 52 54 55 60 62 63 65 67 72 75 76 77 78 79 81 82 90 91 92 94 99 100 103 104 106 110 113 114 115 116 118 124 125 126 128 129 135 136 137 138 146 147 152 153 160 163 165 167 168 169 170 183 187 188 193 194 200 202 205 206 214 216 231 232 234 238 242 248 253 255 259 263 272 273 278 287 288 292 296 302 309 310 311 313 316 326 331 332 338 346 348 352 353 354 355 358 359 363 364 366 377 382 383 385 387 391 392 395 396 398 403 405 406 410 416 423 425 426 429 433 435 437 443 448 451 454 456 457 465 467 469 474 483 486 489 490 493 494 499 
	Cluster 1 SSE = 17.9258
Centroid 2 = M, 0.658101, 0.51981, 0.186329, 1.54601, 0.691215, 0.326304, 0.420437
	Members of Cluster (79): 8 12 36 42 45 49 57 70 84 85 97 102 105 121 123 131 132 140 142 164 171 172 174 179 209 217 218 220 227 228 236 237 239 241 244 247 252 261 265 269 280 306 322 323 342 349 350 369 375 379 381 384 388 390 393 394 399 407 411 413 414 417 418 419 420 438 439 444 446 449 450 455 460 462 470 471 476 492 497 
	Cluster 2 SSE = 16.5421
Centroid 3 = M, 0.507664, 0.39528, 0.136449, 0.73128, 0.31207, 0.160636, 0.212995
	Members of Cluster (107): 0 6 7 11 13 15 22 23 24 27 28 29 30 35 41 44 47 53 66 69 74 89 95 101 109 111 112 117 120 130 134 139 143 145 148 154 155 157 173 175 176 177 178 182 186 190 195 198 203 207 210 211 212 215 223 246 267 271 274 279 282 290 291 297 305 307 308 312 314 315 321 327 335 339 341 347 351 356 357 362 368 372 373 374 376 380 389 397 404 408 424 427 431 436 442 453 459 463 472 475 477 482 484 485 491 495 496 
	Cluster 3 SSE = 15.2034
Total SSE (sum squared-distance of each row with its centroid) = 81.4813
------------------------------------------------------------
Assigning each row to the cluster of the nearest centroid...
------------------------------------------------------------
There are 4 clusters
Recomputing the centroids for each cluster...
Centroid 0 = F, 0.576667, 0.454198, 0.154537, 1.0228, 0.434509, 0.226883, 0.292022
	Members of Cluster (162): 1 2 5 10 14 16 17 18 19 21 38 39 43 46 48 51 56 58 59 61 64 68 71 73 80 83 86 87 88 93 96 98 107 108 119 122 127 133 141 144 149 150 151 156 158 159 161 162 166 180 181 184 185 189 191 192 196 197 199 201 204 208 213 219 221 222 224 225 226 229 230 233 235 240 243 245 249 250 251 254 256 257 258 260 262 264 266 268 270 275 276 277 281 283 284 285 286 289 293 294 295 298 299 300 301 303 304 317 318 319 320 324 325 328 329 330 333 334 336 337 340 343 344 345 360 361 365 367 370 371 378 386 400 401 402 409 412 415 421 422 428 430 432 434 440 441 445 447 452 458 461 464 466 468 473 478 479 480 481 487 488 498 
	Cluster 0 SSE = 31.81
Centroid 1 = I, 0.420658, 0.319309, 0.106349, 0.407148, 0.183684, 0.0858914, 0.121306
	Members of Cluster (152): 3 4 9 20 25 26 31 32 33 34 37 40 50 52 54 55 60 62 63 65 67 72 75 76 77 78 79 81 82 90 91 92 94 99 100 103 104 106 110 113 114 115 116 118 124 125 126 128 129 135 136 137 138 146 147 152 153 160 163 165 167 168 169 170 183 187 188 193 194 200 202 205 206 214 216 231 232 234 238 242 248 253 255 259 263 272 273 278 287 288 292 296 302 309 310 311 313 316 326 331 332 338 346 348 352 353 354 355 358 359 363 364 366 377 382 383 385 387 391 392 395 396 398 403 405 406 410 416 423 425 426 429 433 435 437 443 448 451 454 456 457 465 467 469 474 483 486 489 490 493 494 499 
	Cluster 1 SSE = 17.9258
Centroid 2 = M, 0.657375, 0.51925, 0.186125, 1.54082, 0.688925, 0.325625, 0.419044
	Members of Cluster (80): 8 12 36 42 45 49 53 57 70 84 85 97 102 105 121 123 131 132 140 142 164 171 172 174 179 209 217 218 220 227 228 236 237 239 241 244 247 252 261 265 269 280 306 322 323 342 349 350 369 375 379 381 384 388 390 393 394 399 407 411 413 414 417 418 419 420 438 439 444 446 449 450 455 460 462 470 471 476 492 497 
	Cluster 2 SSE = 16.7656
Centroid 3 = M, 0.506792, 0.394528, 0.136132, 0.727505, 0.310222, 0.159585, 0.21209
	Members of Cluster (106): 0 6 7 11 13 15 22 23 24 27 28 29 30 35 41 44 47 66 69 74 89 95 101 109 111 112 117 120 130 134 139 143 145 148 154 155 157 173 175 176 177 178 182 186 190 195 198 203 207 210 211 212 215 223 246 267 271 274 279 282 290 291 297 305 307 308 312 314 315 321 327 335 339 341 347 351 356 357 362 368 372 373 374 376 380 389 397 404 408 424 427 431 436 442 453 459 463 472 475 477 482 484 485 491 495 496 
	Cluster 3 SSE = 14.965
Total SSE (sum squared-distance of each row with its centroid) = 81.4664
------------------------------------------------------------
Assigning each row to the cluster of the nearest centroid...
------------------------------------------------------------
There are 4 clusters
Recomputing the centroids for each cluster...
Centroid 0 = F, 0.576667, 0.454198, 0.154537, 1.0228, 0.434509, 0.226883, 0.292022
	Members of Cluster (162): 1 2 5 10 14 16 17 18 19 21 38 39 43 46 48 51 56 58 59 61 64 68 71 73 80 83 86 87 88 93 96 98 107 108 119 122 127 133 141 144 149 150 151 156 158 159 161 162 166 180 181 184 185 189 191 192 196 197 199 201 204 208 213 219 221 222 224 225 226 229 230 233 235 240 243 245 249 250 251 254 256 257 258 260 262 264 266 268 270 275 276 277 281 283 284 285 286 289 293 294 295 298 299 300 301 303 304 317 318 319 320 324 325 328 329 330 333 334 336 337 340 343 344 345 360 361 365 367 370 371 378 386 400 401 402 409 412 415 421 422 428 430 432 434 440 441 445 447 452 458 461 464 466 468 473 478 479 480 481 487 488 498 
	Cluster 0 SSE = 31.81
Centroid 1 = I, 0.420658, 0.319309, 0.106349, 0.407148, 0.183684, 0.0858914, 0.121306
	Members of Cluster (152): 3 4 9 20 25 26 31 32 33 34 37 40 50 52 54 55 60 62 63 65 67 72 75 76 77 78 79 81 82 90 91 92 94 99 100 103 104 106 110 113 114 115 116 118 124 125 126 128 129 135 136 137 138 146 147 152 153 160 163 165 167 168 169 170 183 187 188 193 194 200 202 205 206 214 216 231 232 234 238 242 248 253 255 259 263 272 273 278 287 288 292 296 302 309 310 311 313 316 326 331 332 338 346 348 352 353 354 355 358 359 363 364 366 377 382 383 385 387 391 392 395 396 398 403 405 406 410 416 423 425 426 429 433 435 437 443 448 451 454 456 457 465 467 469 474 483 486 489 490 493 494 499 
	Cluster 1 SSE = 17.9258
Centroid 2 = M, 0.657375, 0.51925, 0.186125, 1.54082, 0.688925, 0.325625, 0.419044
	Members of Cluster (80): 8 12 36 42 45 49 53 57 70 84 85 97 102 105 121 123 131 132 140 142 164 171 172 174 179 209 217 218 220 227 228 236 237 239 241 244 247 252 261 265 269 280 306 322 323 342 349 350 369 375 379 381 384 388 390 393 394 399 407 411 413 414 417 418 419 420 438 439 444 446 449 450 455 460 462 470 471 476 492 497 
	Cluster 2 SSE = 16.7656
Centroid 3 = M, 0.506792, 0.394528, 0.136132, 0.727505, 0.310222, 0.159585, 0.21209
	Members of Cluster (106): 0 6 7 11 13 15 22 23 24 27 28 29 30 35 41 44 47 66 69 74 89 95 101 109 111 112 117 120 130 134 139 143 145 148 154 155 157 173 175 176 177 178 182 186 190 195 198 203 207 210 211 212 215 223 246 267 271 274 279 282 290 291 297 305 307 308 312 314 315 321 327 335 339 341 347 351 356 357 362 368 372 373 374 376 380 389 397 404 408 424 427 431 436 442 453 459 463 472 475 477 482 484 485 491 495 496 
	Cluster 3 SSE = 14.965
Total SSE (sum squared-distance of each row with its centroid) = 81.4664
------------------------------------------------------------
Assigning each row to the cluster of the nearest centroid...
------------------------------------------------------------
There are 4 clusters
Recomputing the centroids for each cluster...
Centroid 0 = F, 0.576667, 0.454198, 0.154537, 1.0228, 0.434509, 0.226883, 0.292022
	Members of Cluster (162): 1 2 5 10 14 16 17 18 19 21 38 39 43 46 48 51 56 58 59 61 64 68 71 73 80 83 86 87 88 93 96 98 107 108 119 122 127 133 141 144 149 150 151 156 158 159 161 162 166 180 181 184 185 189 191 192 196 197 199 201 204 208 213 219 221 222 224 225 226 229 230 233 235 240 243 245 249 250 251 254 256 257 258 260 262 264 266 268 270 275 276 277 281 283 284 285 286 289 293 294 295 298 299 300 301 303 304 317 318 319 320 324 325 328 329 330 333 334 336 337 340 343 344 345 360 361 365 367 370 371 378 386 400 401 402 409 412 415 421 422 428 430 432 434 440 441 445 447 452 458 461 464 466 468 473 478 479 480 481 487 488 498 
	Cluster 0 SSE = 31.81
Centroid 1 = I, 0.420658, 0.319309, 0.106349, 0.407148, 0.183684, 0.0858914, 0.121306
	Members of Cluster (152): 3 4 9 20 25 26 31 32 33 34 37 40 50 52 54 55 60 62 63 65 67 72 75 76 77 78 79 81 82 90 91 92 94 99 100 103 104 106 110 113 114 115 116 118 124 125 126 128 129 135 136 137 138 146 147 152 153 160 163 165 167 168 169 170 183 187 188 193 194 200 202 205 206 214 216 231 232 234 238 242 248 253 255 259 263 272 273 278 287 288 292 296 302 309 310 311 313 316 326 331 332 338 346 348 352 353 354 355 358 359 363 364 366 377 382 383 385 387 391 392 395 396 398 403 405 406 410 416 423 425 426 429 433 435 437 443 448 451 454 456 457 465 467 469 474 483 486 489 490 493 494 499 
	Cluster 1 SSE = 17.9258
Centroid 2 = M, 0.657375, 0.51925, 0.186125, 1.54082, 0.688925, 0.325625, 0.419044
	Members of Cluster (80): 8 12 36 42 45 49 53 57 70 84 85 97 102 105 121 123 131 132 140 142 164 171 172 174 179 209 217 218 220 227 228 236 237 239 241 244 247 252 261 265 269 280 306 322 323 342 349 350 369 375 379 381 384 388 390 393 394 399 407 411 413 414 417 418 419 420 438 439 444 446 449 450 455 460 462 470 471 476 492 497 
	Cluster 2 SSE = 16.7656
Centroid 3 = M, 0.506792, 0.394528, 0.136132, 0.727505, 0.310222, 0.159585, 0.21209
	Members of Cluster (106): 0 6 7 11 13 15 22 23 24 27 28 29 30 35 41 44 47 66 69 74 89 95 101 109 111 112 117 120 130 134 139 143 145 148 154 155 157 173 175 176 177 178 182 186 190 195 198 203 207 210 211 212 215 223 246 267 271 274 279 282 290 291 297 305 307 308 312 314 315 321 327 335 339 341 347 351 356 357 362 368 372 373 374 376 380 389 397 404 408 424 427 431 436 442 453 459 463 472 475 477 482 484 485 491 495 496 
	Cluster 3 SSE = 14.965
Total SSE (sum squared-distance of each row with its centroid) = 81.4664
------------------------------------------------------------
Assigning each row to the cluster of the nearest centroid...
------------------------------------------------------------
There are 4 clusters
Recomputing the centroids for each cluster...
Centroid 0 = F, 0.576667, 0.454198, 0.154537, 1.0228, 0.434509, 0.226883, 0.292022
	Members of Cluster (162): 1 2 5 10 14 16 17 18 19 21 38 39 43 46 48 51 56 58 59 61 64 68 71 73 80 83 86 87 88 93 96 98 107 108 119 122 127 133 141 144 149 150 151 156 158 159 161 162 166 180 181 184 185 189 191 192 196 197 199 201 204 208 213 219 221 222 224 225 226 229 230 233 235 240 243 245 249 250 251 254 256 257 258 260 262 264 266 268 270 275 276 277 281 283 284 285 286 289 293 294 295 298 299 300 301 303 304 317 318 319 320 324 325 328 329 330 333 334 336 337 340 343 344 345 360 361 365 367 370 371 378 386 400 401 402 409 412 415 421 422 428 430 432 434 440 441 445 447 452 458 461 464 466 468 473 478 479 480 481 487 488 498 
	Cluster 0 SSE = 31.81
Centroid 1 = I, 0.420658, 0.319309, 0.106349, 0.407148, 0.183684, 0.0858914, 0.121306
	Members of Cluster (152): 3 4 9 20 25 26 31 32 33 34 37 40 50 52 54 55 60 62 63 65 67 72 75 76 77 78 79 81 82 90 91 92 94 99 100 103 104 106 110 113 114 115 116 118 124 125 126 128 129 135 136 137 138 146 147 152 153 160 163 165 167 168 169 170 183 187 188 193 194 200 202 205 206 214 216 231 232 234 238 242 248 253 255 259 263 272 273 278 287 288 292 296 302 309 310 311 313 316 326 331 332 338 346 348 352 353 354 355 358 359 363 364 366 377 382 383 385 387 391 392 395 396 398 403 405 406 410 416 423 425 426 429 433 435 437 443 448 451 454 456 457 465 467 469 474 483 486 489 490 493 494 499 
	Cluster 1 SSE = 17.9258
Centroid 2 = M, 0.657375, 0.51925, 0.186125, 1.54082, 0.688925, 0.325625, 0.419044
	Members of Cluster (80): 8 12 36 42 45 49 53 57 70 84 85 97 102 105 121 123 131 132 140 142 164 171 172 174 179 209 217 218 220 227 228 236 237 239 241 244 247 252 261 265 269 280 306 322 323 342 349 350 369 375 379 381 384 388 390 393 394 399 407 411 413 414 417 418 419 420 438 439 444 446 449 450 455 460 462 470 471 476 492 497 
	Cluster 2 SSE = 16.7656
Centroid 3 = M, 0.506792, 0.394528, 0.136132, 0.727505, 0.310222, 0.159585, 0.21209
	Members of Cluster (106): 0 6 7 11 13 15 22 23 24 27 28 29 30 35 41 44 47 66 69 74 89 95 101 109 111 112 117 120 130 134 139 143 145 148 154 155 157 173 175 176 177 178 182 186 190 195 198 203 207 210 211 212 215 223 246 267 271 274 279 282 290 291 297 305 307 308 312 314 315 321 327 335 339 341 347 351 356 357 362 368 372 373 374 376 380 389 397 404 408 424 427 431 436 442 453 459 463 472 475 477 482 484 485 491 495 496 
	Cluster 3 SSE = 14.965
Total SSE (sum squared-distance of each row with its centroid) = 81.4664
Convergence is detected because the sum squared-distance did not improve, and more than 3 iterations were performed
