Dataset name: ../data/abalone500.arff
Number of instances (rows): 500
Number of attributes (cols): 9
Learning algorithm: clustering
Evaluation method: training
Running HAC...
There are 7 clusters
Cluster 0: 0 22 397 89 24 130 357 282 215 290 279 297 246 475 23 372 472 408 66 190 28 223 482 101 171 105 399 369 121 6 30 44 53 380 424 175 307 195 220 211 198 8 12 228 414 450 418 449 350 134 444 261 45 174 164 186 389 178 374 308 427 384 492 57 379 102 173 111 182 143 36 349 85 142 390 407 140 269 217 306 419 322 323 420 375 29 13 47 431 177 459 351 176 27 41 442 491 145 484 74 496 312 267 305 315 212 210 321 347 477 274 148 341 335 462 252 172 15 69 154 95 327 394 131 455 117 373 207 376 463 236 132 460 7 157 271 11 35 109 314 120 404 485 362 368 495 112 203 339 453 356 123 139 291 42 417 413 470 497 476 70 84 471 227 247 439 97 237 381 241 155 436 342 280 49 209 179 218 239 388 
Cluster 1: 1 2 73 201 225 191 5 235 119 208 286 402 409 478 304 340 370 318 83 39 98 360 421 270 458 430 464 58 325 447 337 46 61 68 221 96 303 262 71 80 415 257 180 345 166 487 233 468 473 192 245 289 432 189 222 367 10 151 293 56 300 38 14 434 149 299 320 17 480 240 328 127 51 479 295 204 344 162 48 301 21 18 108 199 107 249 88 19 158 284 445 219 256 378 229 141 283 441 213 224 156 488 86 93 440 181 243 230 161 324 133 334 412 64 294 43 144 481 226 276 386 329 197 319 317 87 122 498 298 428 401 260 196 184 361 281 268 461 365 150 59 264 254 336 250 266 285 330 159 185 275 333 452 251 400 371 258 422 277 16 265 393 446 466 411 
Cluster 2: 3 4 364 33 456 232 494 202 435 62 302 231 353 429 20 50 346 90 288 99 326 259 348 124 205 433 194 332 454 278 457 483 103 403 366 385 126 331 387 296 116 31 136 437 168 200 310 255 110 406 128 287 188 358 391 309 469 104 160 91 272 78 125 100 25 54 311 425 426 443 81 448 129 55 63 153 465 65 138 32 489 392 37 40 114 106 72 169 395 263 316 499 248 82 242 396 423 486 75 355 273 493 405 60 52 216 313 238 115 354 183 163 152 193 147 474 206 467 26 214 451 76 167 352 416 363 165 234 292 77 137 187 253 9 113 383 377 94 410 92 67 118 135 338 170 398 382 146 359 490 34 
Cluster 3: 79 
Cluster 4: 244 
Cluster 5: 343 
Cluster 6: 438 
Recomputing the centroids for each cluster...
Centroid 0 = M, 0.699822, 0.692464, 0.263946, 0.435317, 0.39367, 0.391532, 0.467079
	Members of Cluster (180): 0 22 397 89 24 130 357 282 215 290 279 297 246 475 23 372 472 408 66 190 28 223 482 101 171 105 399 369 121 6 30 44 53 380 424 175 307 195 220 211 198 8 12 228 414 450 418 449 350 134 444 261 45 174 164 186 389 178 374 308 427 384 492 57 379 102 173 111 182 143 36 349 85 142 390 407 140 269 217 306 419 322 323 420 375 29 13 47 431 177 459 351 176 27 41 442 491 145 484 74 496 312 267 305 315 212 210 321 347 477 274 148 341 335 462 252 172 15 69 154 95 327 394 131 455 117 373 207 376 463 236 132 460 7 157 271 11 35 109 314 120 404 485 362 368 495 112 203 339 453 356 123 139 291 42 417 413 470 497 476 70 84 471 227 247 439 97 237 381 241 155 436 342 280 49 209 179 218 239 388 
	Cluster 0 SSE = 40.1215
Centroid 1 = F, 0.719176, 0.715932, 0.267285, 0.4374, 0.385708, 0.404548, 0.476537
	Members of Cluster (165): 1 2 73 201 225 191 5 235 119 208 286 402 409 478 304 340 370 318 83 39 98 360 421 270 458 430 464 58 325 447 337 46 61 68 221 96 303 262 71 80 415 257 180 345 166 487 233 468 473 192 245 289 432 189 222 367 10 151 293 56 300 38 14 434 149 299 320 17 480 240 328 127 51 479 295 204 344 162 48 301 21 18 108 199 107 249 88 19 158 284 445 219 256 378 229 141 283 441 213 224 156 488 86 93 440 181 243 230 161 324 133 334 412 64 294 43 144 481 226 276 386 329 197 319 317 87 122 498 298 428 401 260 196 184 361 281 268 461 365 150 59 264 254 336 250 266 285 330 159 185 275 333 452 251 400 371 258 422 277 16 265 393 446 466 411 
	Cluster 1 SSE = 24.7225
Centroid 2 = I, 0.466596, 0.445676, 0.166509, 0.168169, 0.154323, 0.1455, 0.190815
	Members of Cluster (151): 3 4 364 33 456 232 494 202 435 62 302 231 353 429 20 50 346 90 288 99 326 259 348 124 205 433 194 332 454 278 457 483 103 403 366 385 126 331 387 296 116 31 136 437 168 200 310 255 110 406 128 287 188 358 391 309 469 104 160 91 272 78 125 100 25 54 311 425 426 443 81 448 129 55 63 153 465 65 138 32 489 392 37 40 114 106 72 169 395 263 316 499 248 82 242 396 423 486 75 355 273 493 405 60 52 216 313 238 115 354 183 163 152 193 147 474 206 467 26 214 451 76 167 352 416 363 165 234 292 77 137 187 253 9 113 383 377 94 410 92 67 118 135 338 170 398 382 146 359 490 34 
	Cluster 2 SSE = 18.247
Centroid 3 = I, 0.232, 0.217822, 0.0918367, 0.0400759, 0.428135, 0.0250447, 0.0451249
	Members of Cluster (1): 79 
	Cluster 3 SSE = 0
Centroid 4 = M, 0.72, 0.712871, 0.346939, 0.779793, 0.821319, 0.753131, 0.705077
	Members of Cluster (1): 244 
	Cluster 4 SSE = 0
Centroid 5 = F, 0.912, 0.891089, 0.214286, 0.651972, 0.583224, 0.660107, 0.308622
	Members of Cluster (1): 343 
	Cluster 5 SSE = 0
Centroid 6 = M, 0.92, 0.930693, 1, 0.927863, 0.963303, 0.86136, 0.8195
	Members of Cluster (1): 438 
	Cluster 6 SSE = 0
Total SSE (sum squared-distance of each row with its centroid) = 83.091
Davies-Bouldin Index: 0.464491
--------------
Iteration 493
--------------
Merging clusters 0 and 4	Distance: 0.2584
There are 6 clusters
Cluster 0: 0 22 397 89 24 130 357 282 215 290 279 297 246 475 23 372 472 408 66 190 28 223 482 101 171 105 399 369 121 6 30 44 53 380 424 175 307 195 220 211 198 8 12 228 414 450 418 449 350 134 444 261 45 174 164 186 389 178 374 308 427 384 492 57 379 102 173 111 182 143 36 349 85 142 390 407 140 269 217 306 419 322 323 420 375 29 13 47 431 177 459 351 176 27 41 442 491 145 484 74 496 312 267 305 315 212 210 321 347 477 274 148 341 335 462 252 172 15 69 154 95 327 394 131 455 117 373 207 376 463 236 132 460 7 157 271 11 35 109 314 120 404 485 362 368 495 112 203 339 453 356 123 139 291 42 417 413 470 497 476 70 84 471 227 247 439 97 237 381 241 155 436 342 280 49 209 179 218 239 388 244 
Cluster 1: 1 2 73 201 225 191 5 235 119 208 286 402 409 478 304 340 370 318 83 39 98 360 421 270 458 430 464 58 325 447 337 46 61 68 221 96 303 262 71 80 415 257 180 345 166 487 233 468 473 192 245 289 432 189 222 367 10 151 293 56 300 38 14 434 149 299 320 17 480 240 328 127 51 479 295 204 344 162 48 301 21 18 108 199 107 249 88 19 158 284 445 219 256 378 229 141 283 441 213 224 156 488 86 93 440 181 243 230 161 324 133 334 412 64 294 43 144 481 226 276 386 329 197 319 317 87 122 498 298 428 401 260 196 184 361 281 268 461 365 150 59 264 254 336 250 266 285 330 159 185 275 333 452 251 400 371 258 422 277 16 265 393 446 466 411 
Cluster 2: 3 4 364 33 456 232 494 202 435 62 302 231 353 429 20 50 346 90 288 99 326 259 348 124 205 433 194 332 454 278 457 483 103 403 366 385 126 331 387 296 116 31 136 437 168 200 310 255 110 406 128 287 188 358 391 309 469 104 160 91 272 78 125 100 25 54 311 425 426 443 81 448 129 55 63 153 465 65 138 32 489 392 37 40 114 106 72 169 395 263 316 499 248 82 242 396 423 486 75 355 273 493 405 60 52 216 313 238 115 354 183 163 152 193 147 474 206 467 26 214 451 76 167 352 416 363 165 234 292 77 137 187 253 9 113 383 377 94 410 92 67 118 135 338 170 398 382 146 359 490 34 
Cluster 3: 79 
Cluster 4: 343 
Cluster 5: 438 
Recomputing the centroids for each cluster...
Centroid 0 = M, 0.699934, 0.692577, 0.264404, 0.43722, 0.396033, 0.39353, 0.468393
	Members of Cluster (181): 0 22 397 89 24 130 357 282 215 290 279 297 246 475 23 372 472 408 66 190 28 223 482 101 171 105 399 369 121 6 30 44 53 380 424 175 307 195 220 211 198 8 12 228 414 450 418 449 350 134 444 261 45 174 164 186 389 178 374 308 427 384 492 57 379 102 173 111 182 143 36 349 85 142 390 407 140 269 217 306 419 322 323 420 375 29 13 47 431 177 459 351 176 27 41 442 491 145 484 74 496 312 267 305 315 212 210 321 347 477 274 148 341 335 462 252 172 15 69 154 95 327 394 131 455 117 373 207 376 463 236 132 460 7 157 271 11 35 109 314 120 404 485 362 368 495 112 203 339 453 356 123 139 291 42 417 413 470 497 476 70 84 471 227 247 439 97 237 381 241 155 436 342 280 49 209 179 218 239 388 244 
	Cluster 0 SSE = 40.6155
Centroid 1 = F, 0.719176, 0.715932, 0.267285, 0.4374, 0.385708, 0.404548, 0.476537
	Members of Cluster (165): 1 2 73 201 225 191 5 235 119 208 286 402 409 478 304 340 370 318 83 39 98 360 421 270 458 430 464 58 325 447 337 46 61 68 221 96 303 262 71 80 415 257 180 345 166 487 233 468 473 192 245 289 432 189 222 367 10 151 293 56 300 38 14 434 149 299 320 17 480 240 328 127 51 479 295 204 344 162 48 301 21 18 108 199 107 249 88 19 158 284 445 219 256 378 229 141 283 441 213 224 156 488 86 93 440 181 243 230 161 324 133 334 412 64 294 43 144 481 226 276 386 329 197 319 317 87 122 498 298 428 401 260 196 184 361 281 268 461 365 150 59 264 254 336 250 266 285 330 159 185 275 333 452 251 400 371 258 422 277 16 265 393 446 466 411 
	Cluster 1 SSE = 24.7225
Centroid 2 = I, 0.466596, 0.445676, 0.166509, 0.168169, 0.154323, 0.1455, 0.190815
	Members of Cluster (151): 3 4 364 33 456 232 494 202 435 62 302 231 353 429 20 50 346 90 288 99 326 259 348 124 205 433 194 332 454 278 457 483 103 403 366 385 126 331 387 296 116 31 136 437 168 200 310 255 110 406 128 287 188 358 391 309 469 104 160 91 272 78 125 100 25 54 311 425 426 443 81 448 129 55 63 153 465 65 138 32 489 392 37 40 114 106 72 169 395 263 316 499 248 82 242 396 423 486 75 355 273 493 405 60 52 216 313 238 115 354 183 163 152 193 147 474 206 467 26 214 451 76 167 352 416 363 165 234 292 77 137 187 253 9 113 383 377 94 410 92 67 118 135 338 170 398 382 146 359 490 34 
	Cluster 2 SSE = 18.247
Centroid 3 = I, 0.232, 0.217822, 0.0918367, 0.0400759, 0.428135, 0.0250447, 0.0451249
	Members of Cluster (1): 79 
	Cluster 3 SSE = 0
Centroid 4 = F, 0.912, 0.891089, 0.214286, 0.651972, 0.583224, 0.660107, 0.308622
	Members of Cluster (1): 343 
	Cluster 4 SSE = 0
Centroid 5 = M, 0.92, 0.930693, 1, 0.927863, 0.963303, 0.86136, 0.8195
	Members of Cluster (1): 438 
	Cluster 5 SSE = 0
Total SSE (sum squared-distance of each row with its centroid) = 83.5849
Davies-Bouldin Index: 0.454889
--------------
Iteration 494
--------------
Merging clusters 1 and 4	Distance: 0.28293
There are 5 clusters
Cluster 0: 0 22 397 89 24 130 357 282 215 290 279 297 246 475 23 372 472 408 66 190 28 223 482 101 171 105 399 369 121 6 30 44 53 380 424 175 307 195 220 211 198 8 12 228 414 450 418 449 350 134 444 261 45 174 164 186 389 178 374 308 427 384 492 57 379 102 173 111 182 143 36 349 85 142 390 407 140 269 217 306 419 322 323 420 375 29 13 47 431 177 459 351 176 27 41 442 491 145 484 74 496 312 267 305 315 212 210 321 347 477 274 148 341 335 462 252 172 15 69 154 95 327 394 131 455 117 373 207 376 463 236 132 460 7 157 271 11 35 109 314 120 404 485 362 368 495 112 203 339 453 356 123 139 291 42 417 413 470 497 476 70 84 471 227 247 439 97 237 381 241 155 436 342 280 49 209 179 218 239 388 244 
Cluster 1: 1 2 73 201 225 191 5 235 119 208 286 402 409 478 304 340 370 318 83 39 98 360 421 270 458 430 464 58 325 447 337 46 61 68 221 96 303 262 71 80 415 257 180 345 166 487 233 468 473 192 245 289 432 189 222 367 10 151 293 56 300 38 14 434 149 299 320 17 480 240 328 127 51 479 295 204 344 162 48 301 21 18 108 199 107 249 88 19 158 284 445 219 256 378 229 141 283 441 213 224 156 488 86 93 440 181 243 230 161 324 133 334 412 64 294 43 144 481 226 276 386 329 197 319 317 87 122 498 298 428 401 260 196 184 361 281 268 461 365 150 59 264 254 336 250 266 285 330 159 185 275 333 452 251 400 371 258 422 277 16 265 393 446 466 411 343 
Cluster 2: 3 4 364 33 456 232 494 202 435 62 302 231 353 429 20 50 346 90 288 99 326 259 348 124 205 433 194 332 454 278 457 483 103 403 366 385 126 331 387 296 116 31 136 437 168 200 310 255 110 406 128 287 188 358 391 309 469 104 160 91 272 78 125 100 25 54 311 425 426 443 81 448 129 55 63 153 465 65 138 32 489 392 37 40 114 106 72 169 395 263 316 499 248 82 242 396 423 486 75 355 273 493 405 60 52 216 313 238 115 354 183 163 152 193 147 474 206 467 26 214 451 76 167 352 416 363 165 234 292 77 137 187 253 9 113 383 377 94 410 92 67 118 135 338 170 398 382 146 359 490 34 
Cluster 3: 79 
Cluster 4: 438 
Recomputing the centroids for each cluster...
Centroid 0 = M, 0.699934, 0.692577, 0.264404, 0.43722, 0.396033, 0.39353, 0.468393
	Members of Cluster (181): 0 22 397 89 24 130 357 282 215 290 279 297 246 475 23 372 472 408 66 190 28 223 482 101 171 105 399 369 121 6 30 44 53 380 424 175 307 195 220 211 198 8 12 228 414 450 418 449 350 134 444 261 45 174 164 186 389 178 374 308 427 384 492 57 379 102 173 111 182 143 36 349 85 142 390 407 140 269 217 306 419 322 323 420 375 29 13 47 431 177 459 351 176 27 41 442 491 145 484 74 496 312 267 305 315 212 210 321 347 477 274 148 341 335 462 252 172 15 69 154 95 327 394 131 455 117 373 207 376 463 236 132 460 7 157 271 11 35 109 314 120 404 485 362 368 495 112 203 339 453 356 123 139 291 42 417 413 470 497 476 70 84 471 227 247 439 97 237 381 241 155 436 342 280 49 209 179 218 239 388 244 
	Cluster 0 SSE = 40.6155
Centroid 1 = F, 0.720337, 0.716987, 0.266966, 0.438693, 0.386898, 0.406088, 0.475525
	Members of Cluster (166): 1 2 73 201 225 191 5 235 119 208 286 402 409 478 304 340 370 318 83 39 98 360 421 270 458 430 464 58 325 447 337 46 61 68 221 96 303 262 71 80 415 257 180 345 166 487 233 468 473 192 245 289 432 189 222 367 10 151 293 56 300 38 14 434 149 299 320 17 480 240 328 127 51 479 295 204 344 162 48 301 21 18 108 199 107 249 88 19 158 284 445 219 256 378 229 141 283 441 213 224 156 488 86 93 440 181 243 230 161 324 133 334 412 64 294 43 144 481 226 276 386 329 197 319 317 87 122 498 298 428 401 260 196 184 361 281 268 461 365 150 59 264 254 336 250 266 285 330 159 185 275 333 452 251 400 371 258 422 277 16 265 393 446 466 411 343 
	Cluster 1 SSE = 24.9702
Centroid 2 = I, 0.466596, 0.445676, 0.166509, 0.168169, 0.154323, 0.1455, 0.190815
	Members of Cluster (151): 3 4 364 33 456 232 494 202 435 62 302 231 353 429 20 50 346 90 288 99 326 259 348 124 205 433 194 332 454 278 457 483 103 403 366 385 126 331 387 296 116 31 136 437 168 200 310 255 110 406 128 287 188 358 391 309 469 104 160 91 272 78 125 100 25 54 311 425 426 443 81 448 129 55 63 153 465 65 138 32 489 392 37 40 114 106 72 169 395 263 316 499 248 82 242 396 423 486 75 355 273 493 405 60 52 216 313 238 115 354 183 163 152 193 147 474 206 467 26 214 451 76 167 352 416 363 165 234 292 77 137 187 253 9 113 383 377 94 410 92 67 118 135 338 170 398 382 146 359 490 34 
	Cluster 2 SSE = 18.247
Centroid 3 = I, 0.232, 0.217822, 0.0918367, 0.0400759, 0.428135, 0.0250447, 0.0451249
	Members of Cluster (1): 79 
	Cluster 3 SSE = 0
Centroid 4 = M, 0.92, 0.930693, 1, 0.927863, 0.963303, 0.86136, 0.8195
	Members of Cluster (1): 438 
	Cluster 4 SSE = 0
Total SSE (sum squared-distance of each row with its centroid) = 83.8326
Davies-Bouldin Index: 0.380368
--------------
Iteration 495
--------------
Merging clusters 2 and 3	Distance: 0.374863
There are 4 clusters
Cluster 0: 0 22 397 89 24 130 357 282 215 290 279 297 246 475 23 372 472 408 66 190 28 223 482 101 171 105 399 369 121 6 30 44 53 380 424 175 307 195 220 211 198 8 12 228 414 450 418 449 350 134 444 261 45 174 164 186 389 178 374 308 427 384 492 57 379 102 173 111 182 143 36 349 85 142 390 407 140 269 217 306 419 322 323 420 375 29 13 47 431 177 459 351 176 27 41 442 491 145 484 74 496 312 267 305 315 212 210 321 347 477 274 148 341 335 462 252 172 15 69 154 95 327 394 131 455 117 373 207 376 463 236 132 460 7 157 271 11 35 109 314 120 404 485 362 368 495 112 203 339 453 356 123 139 291 42 417 413 470 497 476 70 84 471 227 247 439 97 237 381 241 155 436 342 280 49 209 179 218 239 388 244 
Cluster 1: 1 2 73 201 225 191 5 235 119 208 286 402 409 478 304 340 370 318 83 39 98 360 421 270 458 430 464 58 325 447 337 46 61 68 221 96 303 262 71 80 415 257 180 345 166 487 233 468 473 192 245 289 432 189 222 367 10 151 293 56 300 38 14 434 149 299 320 17 480 240 328 127 51 479 295 204 344 162 48 301 21 18 108 199 107 249 88 19 158 284 445 219 256 378 229 141 283 441 213 224 156 488 86 93 440 181 243 230 161 324 133 334 412 64 294 43 144 481 226 276 386 329 197 319 317 87 122 498 298 428 401 260 196 184 361 281 268 461 365 150 59 264 254 336 250 266 285 330 159 185 275 333 452 251 400 371 258 422 277 16 265 393 446 466 411 343 
Cluster 2: 3 4 364 33 456 232 494 202 435 62 302 231 353 429 20 50 346 90 288 99 326 259 348 124 205 433 194 332 454 278 457 483 103 403 366 385 126 331 387 296 116 31 136 437 168 200 310 255 110 406 128 287 188 358 391 309 469 104 160 91 272 78 125 100 25 54 311 425 426 443 81 448 129 55 63 153 465 65 138 32 489 392 37 40 114 106 72 169 395 263 316 499 248 82 242 396 423 486 75 355 273 493 405 60 52 216 313 238 115 354 183 163 152 193 147 474 206 467 26 214 451 76 167 352 416 363 165 234 292 77 137 187 253 9 113 383 377 94 410 92 67 118 135 338 170 398 382 146 359 490 34 79 
Cluster 3: 438 
Recomputing the centroids for each cluster...
Centroid 0 = M, 0.699934, 0.692577, 0.264404, 0.43722, 0.396033, 0.39353, 0.468393
	Members of Cluster (181): 0 22 397 89 24 130 357 282 215 290 279 297 246 475 23 372 472 408 66 190 28 223 482 101 171 105 399 369 121 6 30 44 53 380 424 175 307 195 220 211 198 8 12 228 414 450 418 449 350 134 444 261 45 174 164 186 389 178 374 308 427 384 492 57 379 102 173 111 182 143 36 349 85 142 390 407 140 269 217 306 419 322 323 420 375 29 13 47 431 177 459 351 176 27 41 442 491 145 484 74 496 312 267 305 315 212 210 321 347 477 274 148 341 335 462 252 172 15 69 154 95 327 394 131 455 117 373 207 376 463 236 132 460 7 157 271 11 35 109 314 120 404 485 362 368 495 112 203 339 453 356 123 139 291 42 417 413 470 497 476 70 84 471 227 247 439 97 237 381 241 155 436 342 280 49 209 179 218 239 388 244 
	Cluster 0 SSE = 40.6155
Centroid 1 = F, 0.720337, 0.716987, 0.266966, 0.438693, 0.386898, 0.406088, 0.475525
	Members of Cluster (166): 1 2 73 201 225 191 5 235 119 208 286 402 409 478 304 340 370 318 83 39 98 360 421 270 458 430 464 58 325 447 337 46 61 68 221 96 303 262 71 80 415 257 180 345 166 487 233 468 473 192 245 289 432 189 222 367 10 151 293 56 300 38 14 434 149 299 320 17 480 240 328 127 51 479 295 204 344 162 48 301 21 18 108 199 107 249 88 19 158 284 445 219 256 378 229 141 283 441 213 224 156 488 86 93 440 181 243 230 161 324 133 334 412 64 294 43 144 481 226 276 386 329 197 319 317 87 122 498 298 428 401 260 196 184 361 281 268 461 365 150 59 264 254 336 250 266 285 330 159 185 275 333 452 251 400 371 258 422 277 16 265 393 446 466 411 343 
	Cluster 1 SSE = 24.9702
Centroid 2 = I, 0.465053, 0.444177, 0.166018, 0.167327, 0.156124, 0.144707, 0.189856
	Members of Cluster (152): 3 4 364 33 456 232 494 202 435 62 302 231 353 429 20 50 346 90 288 99 326 259 348 124 205 433 194 332 454 278 457 483 103 403 366 385 126 331 387 296 116 31 136 437 168 200 310 255 110 406 128 287 188 358 391 309 469 104 160 91 272 78 125 100 25 54 311 425 426 443 81 448 129 55 63 153 465 65 138 32 489 392 37 40 114 106 72 169 395 263 316 499 248 82 242 396 423 486 75 355 273 493 405 60 52 216 313 238 115 354 183 163 152 193 147 474 206 467 26 214 451 76 167 352 416 363 165 234 292 77 137 187 253 9 113 383 377 94 410 92 67 118 135 338 170 398 382 146 359 490 34 79 
	Cluster 2 SSE = 18.4851
Centroid 3 = M, 0.92, 0.930693, 1, 0.927863, 0.963303, 0.86136, 0.8195
	Members of Cluster (1): 438 
	Cluster 3 SSE = 0
Total SSE (sum squared-distance of each row with its centroid) = 84.0707
Davies-Bouldin Index: 0.285279
--------------
Iteration 496
--------------
Merging clusters 0 and 3	Distance: 0.626736
There are 3 clusters
Cluster 0: 0 22 397 89 24 130 357 282 215 290 279 297 246 475 23 372 472 408 66 190 28 223 482 101 171 105 399 369 121 6 30 44 53 380 424 175 307 195 220 211 198 8 12 228 414 450 418 449 350 134 444 261 45 174 164 186 389 178 374 308 427 384 492 57 379 102 173 111 182 143 36 349 85 142 390 407 140 269 217 306 419 322 323 420 375 29 13 47 431 177 459 351 176 27 41 442 491 145 484 74 496 312 267 305 315 212 210 321 347 477 274 148 341 335 462 252 172 15 69 154 95 327 394 131 455 117 373 207 376 463 236 132 460 7 157 271 11 35 109 314 120 404 485 362 368 495 112 203 339 453 356 123 139 291 42 417 413 470 497 476 70 84 471 227 247 439 97 237 381 241 155 436 342 280 49 209 179 218 239 388 244 438 
Cluster 1: 1 2 73 201 225 191 5 235 119 208 286 402 409 478 304 340 370 318 83 39 98 360 421 270 458 430 464 58 325 447 337 46 61 68 221 96 303 262 71 80 415 257 180 345 166 487 233 468 473 192 245 289 432 189 222 367 10 151 293 56 300 38 14 434 149 299 320 17 480 240 328 127 51 479 295 204 344 162 48 301 21 18 108 199 107 249 88 19 158 284 445 219 256 378 229 141 283 441 213 224 156 488 86 93 440 181 243 230 161 324 133 334 412 64 294 43 144 481 226 276 386 329 197 319 317 87 122 498 298 428 401 260 196 184 361 281 268 461 365 150 59 264 254 336 250 266 285 330 159 185 275 333 452 251 400 371 258 422 277 16 265 393 446 466 411 343 
Cluster 2: 3 4 364 33 456 232 494 202 435 62 302 231 353 429 20 50 346 90 288 99 326 259 348 124 205 433 194 332 454 278 457 483 103 403 366 385 126 331 387 296 116 31 136 437 168 200 310 255 110 406 128 287 188 358 391 309 469 104 160 91 272 78 125 100 25 54 311 425 426 443 81 448 129 55 63 153 465 65 138 32 489 392 37 40 114 106 72 169 395 263 316 499 248 82 242 396 423 486 75 355 273 493 405 60 52 216 313 238 115 354 183 163 152 193 147 474 206 467 26 214 451 76 167 352 416 363 165 234 292 77 137 187 253 9 113 383 377 94 410 92 67 118 135 338 170 398 382 146 359 490 34 79 
Recomputing the centroids for each cluster...
Centroid 0 = M, 0.701143, 0.693885, 0.268446, 0.439916, 0.39915, 0.396101, 0.470323
	Members of Cluster (182): 0 22 397 89 24 130 357 282 215 290 279 297 246 475 23 372 472 408 66 190 28 223 482 101 171 105 399 369 121 6 30 44 53 380 424 175 307 195 220 211 198 8 12 228 414 450 418 449 350 134 444 261 45 174 164 186 389 178 374 308 427 384 492 57 379 102 173 111 182 143 36 349 85 142 390 407 140 269 217 306 419 322 323 420 375 29 13 47 431 177 459 351 176 27 41 442 491 145 484 74 496 312 267 305 315 212 210 321 347 477 274 148 341 335 462 252 172 15 69 154 95 327 394 131 455 117 373 207 376 463 236 132 460 7 157 271 11 35 109 314 120 404 485 362 368 495 112 203 339 453 356 123 139 291 42 417 413 470 497 476 70 84 471 227 247 439 97 237 381 241 155 436 342 280 49 209 179 218 239 388 244 438 
	Cluster 0 SSE = 42.1578
Centroid 1 = F, 0.720337, 0.716987, 0.266966, 0.438693, 0.386898, 0.406088, 0.475525
	Members of Cluster (166): 1 2 73 201 225 191 5 235 119 208 286 402 409 478 304 340 370 318 83 39 98 360 421 270 458 430 464 58 325 447 337 46 61 68 221 96 303 262 71 80 415 257 180 345 166 487 233 468 473 192 245 289 432 189 222 367 10 151 293 56 300 38 14 434 149 299 320 17 480 240 328 127 51 479 295 204 344 162 48 301 21 18 108 199 107 249 88 19 158 284 445 219 256 378 229 141 283 441 213 224 156 488 86 93 440 181 243 230 161 324 133 334 412 64 294 43 144 481 226 276 386 329 197 319 317 87 122 498 298 428 401 260 196 184 361 281 268 461 365 150 59 264 254 336 250 266 285 330 159 185 275 333 452 251 400 371 258 422 277 16 265 393 446 466 411 343 
	Cluster 1 SSE = 24.9702
Centroid 2 = I, 0.465053, 0.444177, 0.166018, 0.167327, 0.156124, 0.144707, 0.189856
	Members of Cluster (152): 3 4 364 33 456 232 494 202 435 62 302 231 353 429 20 50 346 90 288 99 326 259 348 124 205 433 194 332 454 278 457 483 103 403 366 385 126 331 387 296 116 31 136 437 168 200 310 255 110 406 128 287 188 358 391 309 469 104 160 91 272 78 125 100 25 54 311 425 426 443 81 448 129 55 63 153 465 65 138 32 489 392 37 40 114 106 72 169 395 263 316 499 248 82 242 396 423 486 75 355 273 493 405 60 52 216 313 238 115 354 183 163 152 193 147 474 206 467 26 214 451 76 167 352 416 363 165 234 292 77 137 187 253 9 113 383 377 94 410 92 67 118 135 338 170 398 382 146 359 490 34 79 
	Cluster 2 SSE = 18.4851
Total SSE (sum squared-distance of each row with its centroid) = 85.6131
Davies-Bouldin Index: 0.338284
--------------
Iteration 497
--------------
Merging clusters 0 and 2	Distance: 1.00011
There are 2 clusters
Cluster 0: 0 22 397 89 24 130 357 282 215 290 279 297 246 475 23 372 472 408 66 190 28 223 482 101 171 105 399 369 121 6 30 44 53 380 424 175 307 195 220 211 198 8 12 228 414 450 418 449 350 134 444 261 45 174 164 186 389 178 374 308 427 384 492 57 379 102 173 111 182 143 36 349 85 142 390 407 140 269 217 306 419 322 323 420 375 29 13 47 431 177 459 351 176 27 41 442 491 145 484 74 496 312 267 305 315 212 210 321 347 477 274 148 341 335 462 252 172 15 69 154 95 327 394 131 455 117 373 207 376 463 236 132 460 7 157 271 11 35 109 314 120 404 485 362 368 495 112 203 339 453 356 123 139 291 42 417 413 470 497 476 70 84 471 227 247 439 97 237 381 241 155 436 342 280 49 209 179 218 239 388 244 438 3 4 364 33 456 232 494 202 435 62 302 231 353 429 20 50 346 90 288 99 326 259 348 124 205 433 194 332 454 278 457 483 103 403 366 385 126 331 387 296 116 31 136 437 168 200 310 255 110 406 128 287 188 358 391 309 469 104 160 91 272 78 125 100 25 54 311 425 426 443 81 448 129 55 63 153 465 65 138 32 489 392 37 40 114 106 72 169 395 263 316 499 248 82 242 396 423 486 75 355 273 493 405 60 52 216 313 238 115 354 183 163 152 193 147 474 206 467 26 214 451 76 167 352 416 363 165 234 292 77 137 187 253 9 113 383 377 94 410 92 67 118 135 338 170 398 382 146 359 490 34 79 
Cluster 1: 1 2 73 201 225 191 5 235 119 208 286 402 409 478 304 340 370 318 83 39 98 360 421 270 458 430 464 58 325 447 337 46 61 68 221 96 303 262 71 80 415 257 180 345 166 487 233 468 473 192 245 289 432 189 222 367 10 151 293 56 300 38 14 434 149 299 320 17 480 240 328 127 51 479 295 204 344 162 48 301 21 18 108 199 107 249 88 19 158 284 445 219 256 378 229 141 283 441 213 224 156 488 86 93 440 181 243 230 161 324 133 334 412 64 294 43 144 481 226 276 386 329 197 319 317 87 122 498 298 428 401 260 196 184 361 281 268 461 365 150 59 264 254 336 250 266 285 330 159 185 275 333 452 251 400 371 258 422 277 16 265 393 446 466 411 343 
Recomputing the centroids for each cluster...
Centroid 0 = M, 0.593701, 0.580245, 0.221832, 0.315864, 0.288551, 0.281694, 0.342685
	Members of Cluster (334): 0 22 397 89 24 130 357 282 215 290 279 297 246 475 23 372 472 408 66 190 28 223 482 101 171 105 399 369 121 6 30 44 53 380 424 175 307 195 220 211 198 8 12 228 414 450 418 449 350 134 444 261 45 174 164 186 389 178 374 308 427 384 492 57 379 102 173 111 182 143 36 349 85 142 390 407 140 269 217 306 419 322 323 420 375 29 13 47 431 177 459 351 176 27 41 442 491 145 484 74 496 312 267 305 315 212 210 321 347 477 274 148 341 335 462 252 172 15 69 154 95 327 394 131 455 117 373 207 376 463 236 132 460 7 157 271 11 35 109 314 120 404 485 362 368 495 112 203 339 453 356 123 139 291 42 417 413 470 497 476 70 84 471 227 247 439 97 237 381 241 155 436 342 280 49 209 179 218 239 388 244 438 3 4 364 33 456 232 494 202 435 62 302 231 353 429 20 50 346 90 288 99 326 259 348 124 205 433 194 332 454 278 457 483 103 403 366 385 126 331 387 296 116 31 136 437 168 200 310 255 110 406 128 287 188 358 391 309 469 104 160 91 272 78 125 100 25 54 311 425 426 443 81 448 129 55 63 153 465 65 138 32 489 392 37 40 114 106 72 169 395 263 316 499 248 82 242 396 423 486 75 355 273 493 405 60 52 216 313 238 115 354 183 163 152 193 147 474 206 467 26 214 451 76 167 352 416 363 165 234 292 77 137 187 253 9 113 383 377 94 410 92 67 118 135 338 170 398 382 146 359 490 34 79 
	Cluster 0 SSE = 246.089
Centroid 1 = F, 0.720337, 0.716987, 0.266966, 0.438693, 0.386898, 0.406088, 0.475525
	Members of Cluster (166): 1 2 73 201 225 191 5 235 119 208 286 402 409 478 304 340 370 318 83 39 98 360 421 270 458 430 464 58 325 447 337 46 61 68 221 96 303 262 71 80 415 257 180 345 166 487 233 468 473 192 245 289 432 189 222 367 10 151 293 56 300 38 14 434 149 299 320 17 480 240 328 127 51 479 295 204 344 162 48 301 21 18 108 199 107 249 88 19 158 284 445 219 256 378 229 141 283 441 213 224 156 488 86 93 440 181 243 230 161 324 133 334 412 64 294 43 144 481 226 276 386 329 197 319 317 87 122 498 298 428 401 260 196 184 361 281 268 461 365 150 59 264 254 336 250 266 285 330 159 185 275 333 452 251 400 371 258 422 277 16 265 393 446 466 411 343 
	Cluster 1 SSE = 24.9702
Total SSE (sum squared-distance of each row with its centroid) = 271.059
Davies-Bouldin Index: 0.810501
Dataset name: ../data/iris.arff
Number of instances (rows): 150
Number of attributes (cols): 5
Learning algorithm: clustering
Evaluation method: training
Running HAC...
There are 7 clusters
Cluster 0: 0 17 40 4 7 39 49 27 28 35 10 48 23 26 43 1 45 12 9 34 37 29 30 2 3 47 25 8 38 42 11 6 19 21 46 13 24 36 20 31 5 18 16 32 33 44 15 14 22 41 
Cluster 1: 50 52 86 51 56 54 58 65 75 74 97 77 76 71 53 89 69 80 81 67 82 92 88 94 95 96 99 90 61 55 66 84 63 91 78 73 79 85 59 70 64 72 83 62 68 87 
Cluster 2: 57 93 60 98 
Cluster 3: 100 101 142 113 121 123 126 146 127 138 149 133 103 116 137 104 128 132 110 147 111 141 145 112 139 120 143 140 144 124 115 136 148 102 125 129 107 130 114 105 122 118 135 134 108 119 
Cluster 4: 106 
Cluster 5: 109 
Cluster 6: 117 131 
Recomputing the centroids for each cluster...
Centroid 0 = 5.006, 3.418, 1.464, 0.244, Iris-setosa
	Members of Cluster (50): 0 17 40 4 7 39 49 27 28 35 10 48 23 26 43 1 45 12 9 34 37 29 30 2 3 47 25 8 38 42 11 6 19 21 46 13 24 36 20 31 5 18 16 32 33 44 15 14 22 41 
	Cluster 0 SSE = 15.2404
Centroid 1 = 6.01739, 2.81087, 4.34565, 1.35217, Iris-versicolor
	Members of Cluster (46): 50 52 86 51 56 54 58 65 75 74 97 77 76 71 53 89 69 80 81 67 82 92 88 94 95 96 99 90 61 55 66 84 63 91 78 73 79 85 59 70 64 72 83 62 68 87 
	Cluster 1 SSE = 20.9396
Centroid 2 = 5, 2.3, 3.275, 1.025, Iris-versicolor
	Members of Cluster (4): 57 93 60 98 
	Cluster 2 SSE = 0.295
Centroid 3 = 6.5587, 2.93478, 5.51957, 2.01957, Iris-virginica
	Members of Cluster (46): 100 101 142 113 121 123 126 146 127 138 149 133 103 116 137 104 128 132 110 147 111 141 145 112 139 120 143 140 144 124 115 136 148 102 125 129 107 130 114 105 122 118 135 134 108 119 
	Cluster 3 SSE = 31.4007
Centroid 4 = 4.9, 2.5, 4.5, 1.7, Iris-virginica
	Members of Cluster (1): 106 
	Cluster 4 SSE = 0
Centroid 5 = 7.2, 3.6, 6.1, 2.5, Iris-virginica
	Members of Cluster (1): 109 
	Cluster 5 SSE = 0
Centroid 6 = 7.8, 3.8, 6.55, 2.1, Iris-virginica
	Members of Cluster (2): 117 131 
	Cluster 6 SSE = 0.085
Total SSE (sum squared-distance of each row with its centroid) = 67.9606
Davies-Bouldin Index: 0.284818
--------------
Iteration 143
--------------
Merging clusters 3 and 5	Distance: 0.632456
There are 6 clusters
Cluster 0: 0 17 40 4 7 39 49 27 28 35 10 48 23 26 43 1 45 12 9 34 37 29 30 2 3 47 25 8 38 42 11 6 19 21 46 13 24 36 20 31 5 18 16 32 33 44 15 14 22 41 
Cluster 1: 50 52 86 51 56 54 58 65 75 74 97 77 76 71 53 89 69 80 81 67 82 92 88 94 95 96 99 90 61 55 66 84 63 91 78 73 79 85 59 70 64 72 83 62 68 87 
Cluster 2: 57 93 60 98 
Cluster 3: 100 101 142 113 121 123 126 146 127 138 149 133 103 116 137 104 128 132 110 147 111 141 145 112 139 120 143 140 144 124 115 136 148 102 125 129 107 130 114 105 122 118 135 134 108 119 109 
Cluster 4: 106 
Cluster 5: 117 131 
Recomputing the centroids for each cluster...
Centroid 0 = 5.006, 3.418, 1.464, 0.244, Iris-setosa
	Members of Cluster (50): 0 17 40 4 7 39 49 27 28 35 10 48 23 26 43 1 45 12 9 34 37 29 30 2 3 47 25 8 38 42 11 6 19 21 46 13 24 36 20 31 5 18 16 32 33 44 15 14 22 41 
	Cluster 0 SSE = 15.2404
Centroid 1 = 6.01739, 2.81087, 4.34565, 1.35217, Iris-versicolor
	Members of Cluster (46): 50 52 86 51 56 54 58 65 75 74 97 77 76 71 53 89 69 80 81 67 82 92 88 94 95 96 99 90 61 55 66 84 63 91 78 73 79 85 59 70 64 72 83 62 68 87 
	Cluster 1 SSE = 20.9396
Centroid 2 = 5, 2.3, 3.275, 1.025, Iris-versicolor
	Members of Cluster (4): 57 93 60 98 
	Cluster 2 SSE = 0.295
Centroid 3 = 6.57234, 2.94894, 5.53191, 2.02979, Iris-virginica
	Members of Cluster (47): 100 101 142 113 121 123 126 146 127 138 149 133 103 116 137 104 128 132 110 147 111 141 145 112 139 120 143 140 144 124 115 136 148 102 125 129 107 130 114 105 122 118 135 134 108 119 109 
	Cluster 3 SSE = 32.7919
Centroid 4 = 4.9, 2.5, 4.5, 1.7, Iris-virginica
	Members of Cluster (1): 106 
	Cluster 4 SSE = 0
Centroid 5 = 7.8, 3.8, 6.55, 2.1, Iris-virginica
	Members of Cluster (2): 117 131 
	Cluster 5 SSE = 0.085
Total SSE (sum squared-distance of each row with its centroid) = 69.3519
Davies-Bouldin Index: 0.233709
--------------
Iteration 144
--------------
Merging clusters 1 and 2	Distance: 0.648074
There are 5 clusters
Cluster 0: 0 17 40 4 7 39 49 27 28 35 10 48 23 26 43 1 45 12 9 34 37 29 30 2 3 47 25 8 38 42 11 6 19 21 46 13 24 36 20 31 5 18 16 32 33 44 15 14 22 41 
Cluster 1: 50 52 86 51 56 54 58 65 75 74 97 77 76 71 53 89 69 80 81 67 82 92 88 94 95 96 99 90 61 55 66 84 63 91 78 73 79 85 59 70 64 72 83 62 68 87 57 93 60 98 
Cluster 2: 100 101 142 113 121 123 126 146 127 138 149 133 103 116 137 104 128 132 110 147 111 141 145 112 139 120 143 140 144 124 115 136 148 102 125 129 107 130 114 105 122 118 135 134 108 119 109 
Cluster 3: 106 
Cluster 4: 117 131 
Recomputing the centroids for each cluster...
Centroid 0 = 5.006, 3.418, 1.464, 0.244, Iris-setosa
	Members of Cluster (50): 0 17 40 4 7 39 49 27 28 35 10 48 23 26 43 1 45 12 9 34 37 29 30 2 3 47 25 8 38 42 11 6 19 21 46 13 24 36 20 31 5 18 16 32 33 44 15 14 22 41 
	Cluster 0 SSE = 15.2404
Centroid 1 = 5.936, 2.77, 4.26, 1.326, Iris-versicolor
	Members of Cluster (50): 50 52 86 51 56 54 58 65 75 74 97 77 76 71 53 89 69 80 81 67 82 92 88 94 95 96 99 90 61 55 66 84 63 91 78 73 79 85 59 70 64 72 83 62 68 87 57 93 60 98 
	Cluster 1 SSE = 30.6164
Centroid 2 = 6.57234, 2.94894, 5.53191, 2.02979, Iris-virginica
	Members of Cluster (47): 100 101 142 113 121 123 126 146 127 138 149 133 103 116 137 104 128 132 110 147 111 141 145 112 139 120 143 140 144 124 115 136 148 102 125 129 107 130 114 105 122 118 135 134 108 119 109 
	Cluster 2 SSE = 32.7919
Centroid 3 = 4.9, 2.5, 4.5, 1.7, Iris-virginica
	Members of Cluster (1): 106 
	Cluster 3 SSE = 0
Centroid 4 = 7.8, 3.8, 6.55, 2.1, Iris-virginica
	Members of Cluster (2): 117 131 
	Cluster 4 SSE = 0.085
Total SSE (sum squared-distance of each row with its centroid) = 78.7337
Davies-Bouldin Index: 0.261365
--------------
Iteration 145
--------------
Merging clusters 2 and 4	Distance: 0.818535
There are 4 clusters
Cluster 0: 0 17 40 4 7 39 49 27 28 35 10 48 23 26 43 1 45 12 9 34 37 29 30 2 3 47 25 8 38 42 11 6 19 21 46 13 24 36 20 31 5 18 16 32 33 44 15 14 22 41 
Cluster 1: 50 52 86 51 56 54 58 65 75 74 97 77 76 71 53 89 69 80 81 67 82 92 88 94 95 96 99 90 61 55 66 84 63 91 78 73 79 85 59 70 64 72 83 62 68 87 57 93 60 98 
Cluster 2: 100 101 142 113 121 123 126 146 127 138 149 133 103 116 137 104 128 132 110 147 111 141 145 112 139 120 143 140 144 124 115 136 148 102 125 129 107 130 114 105 122 118 135 134 108 119 109 117 131 
Cluster 3: 106 
Recomputing the centroids for each cluster...
Centroid 0 = 5.006, 3.418, 1.464, 0.244, Iris-setosa
	Members of Cluster (50): 0 17 40 4 7 39 49 27 28 35 10 48 23 26 43 1 45 12 9 34 37 29 30 2 3 47 25 8 38 42 11 6 19 21 46 13 24 36 20 31 5 18 16 32 33 44 15 14 22 41 
	Cluster 0 SSE = 15.2404
Centroid 1 = 5.936, 2.77, 4.26, 1.326, Iris-versicolor
	Members of Cluster (50): 50 52 86 51 56 54 58 65 75 74 97 77 76 71 53 89 69 80 81 67 82 92 88 94 95 96 99 90 61 55 66 84 63 91 78 73 79 85 59 70 64 72 83 62 68 87 57 93 60 98 
	Cluster 1 SSE = 30.6164
Centroid 2 = 6.62245, 2.98367, 5.57347, 2.03265, Iris-virginica
	Members of Cluster (49): 100 101 142 113 121 123 126 146 127 138 149 133 103 116 137 104 128 132 110 147 111 141 145 112 139 120 143 140 144 124 115 136 148 102 125 129 107 130 114 105 122 118 135 134 108 119 109 117 131 
	Cluster 2 SSE = 39.1555
Centroid 3 = 4.9, 2.5, 4.5, 1.7, Iris-virginica
	Members of Cluster (1): 106 
	Cluster 3 SSE = 0
Total SSE (sum squared-distance of each row with its centroid) = 85.0123
Davies-Bouldin Index: 0.274277
--------------
Iteration 146
--------------
Merging clusters 2 and 3	Distance: 0.911043
There are 3 clusters
Cluster 0: 0 17 40 4 7 39 49 27 28 35 10 48 23 26 43 1 45 12 9 34 37 29 30 2 3 47 25 8 38 42 11 6 19 21 46 13 24 36 20 31 5 18 16 32 33 44 15 14 22 41 
Cluster 1: 50 52 86 51 56 54 58 65 75 74 97 77 76 71 53 89 69 80 81 67 82 92 88 94 95 96 99 90 61 55 66 84 63 91 78 73 79 85 59 70 64 72 83 62 68 87 57 93 60 98 
Cluster 2: 100 101 142 113 121 123 126 146 127 138 149 133 103 116 137 104 128 132 110 147 111 141 145 112 139 120 143 140 144 124 115 136 148 102 125 129 107 130 114 105 122 118 135 134 108 119 109 117 131 106 
Recomputing the centroids for each cluster...
Centroid 0 = 5.006, 3.418, 1.464, 0.244, Iris-setosa
	Members of Cluster (50): 0 17 40 4 7 39 49 27 28 35 10 48 23 26 43 1 45 12 9 34 37 29 30 2 3 47 25 8 38 42 11 6 19 21 46 13 24 36 20 31 5 18 16 32 33 44 15 14 22 41 
	Cluster 0 SSE = 15.2404
Centroid 1 = 5.936, 2.77, 4.26, 1.326, Iris-versicolor
	Members of Cluster (50): 50 52 86 51 56 54 58 65 75 74 97 77 76 71 53 89 69 80 81 67 82 92 88 94 95 96 99 90 61 55 66 84 63 91 78 73 79 85 59 70 64 72 83 62 68 87 57 93 60 98 
	Cluster 1 SSE = 30.6164
Centroid 2 = 6.588, 2.974, 5.552, 2.026, Iris-virginica
	Members of Cluster (50): 100 101 142 113 121 123 126 146 127 138 149 133 103 116 137 104 128 132 110 147 111 141 145 112 139 120 143 140 144 124 115 136 148 102 125 129 107 130 114 105 122 118 135 134 108 119 109 117 131 106 
	Cluster 2 SSE = 43.53
Total SSE (sum squared-distance of each row with its centroid) = 89.3868
Davies-Bouldin Index: 0.299767
--------------
Iteration 147
--------------
Merging clusters 1 and 2	Distance: 1.0247
There are 2 clusters
Cluster 0: 0 17 40 4 7 39 49 27 28 35 10 48 23 26 43 1 45 12 9 34 37 29 30 2 3 47 25 8 38 42 11 6 19 21 46 13 24 36 20 31 5 18 16 32 33 44 15 14 22 41 
Cluster 1: 50 52 86 51 56 54 58 65 75 74 97 77 76 71 53 89 69 80 81 67 82 92 88 94 95 96 99 90 61 55 66 84 63 91 78 73 79 85 59 70 64 72 83 62 68 87 57 93 60 98 100 101 142 113 121 123 126 146 127 138 149 133 103 116 137 104 128 132 110 147 111 141 145 112 139 120 143 140 144 124 115 136 148 102 125 129 107 130 114 105 122 118 135 134 108 119 109 117 131 106 
Recomputing the centroids for each cluster...
Centroid 0 = 5.006, 3.418, 1.464, 0.244, Iris-setosa
	Members of Cluster (50): 0 17 40 4 7 39 49 27 28 35 10 48 23 26 43 1 45 12 9 34 37 29 30 2 3 47 25 8 38 42 11 6 19 21 46 13 24 36 20 31 5 18 16 32 33 44 15 14 22 41 
	Cluster 0 SSE = 15.2404
Centroid 1 = 6.262, 2.872, 4.906, 1.676, Iris-versicolor
	Members of Cluster (100): 50 52 86 51 56 54 58 65 75 74 97 77 76 71 53 89 69 80 81 67 82 92 88 94 95 96 99 90 61 55 66 84 63 91 78 73 79 85 59 70 64 72 83 62 68 87 57 93 60 98 100 101 142 113 121 123 126 146 127 138 149 133 103 116 137 104 128 132 110 147 111 141 145 112 139 120 143 140 144 124 115 136 148 102 125 129 107 130 114 105 122 118 135 134 108 119 109 117 131 106 
	Cluster 1 SSE = 189.796
Total SSE (sum squared-distance of each row with its centroid) = 205.036
Davies-Bouldin Index: 0.131323
